0.135089
0.009316
0.000293
0.000026
0.007159
0.002072
0.002661
0.005589
0.006425
0.005973
0.003325
0.004723
0.007091
0.007093
0.012028
0.011759
0.014258
0.015904
0.016289
0.018158
0.022278
0.025405
0.030724
0.030695
0.031274
0.034175
0.037646
0.038482
0.040672
0.045747
0.050773
0.049687
0.055011
0.054317
0.058802
0.060097
0.065783
0.071653
0.073153
0.077817
0.081635
0.082344
0.085879
0.090843
0.093045
0.098084
0.101541
0.999378
0.109827
0.999403
0.116107
0.118126
0.125238
0.126032
0.131062
0.135192
0.139639
0.999487
0.146255
0.151351
0.999512
0.155997
0.161726
0.164985
0.999543
0.172665
0.175714
0.179382
0.183538
0.189430
0.191457
0.197371
0.201145
0.203898
0.207128
0.211162
0.212074
0.999620
0.220623
0.224574
0.228822
0.232220
0.999643
0.238832
0.999652
0.247820
0.251098
0.999664
0.258209
0.999671
0.265371
0.269536
0.272676
0.999685
0.278858
0.282206
0.284900
0.997285
0.291272
0.297165
