0.298490
-0.991020
0.037060
-0.724000
0.457420
-0.482740
0.601010
-0.756660
0.345920
-0.923630
0.651630
-0.314090
0.330730
-0.150950
0.190910
-0.733910
0.869400
-0.186180
0.614090
-0.508910
0.190700
-0.595620
0.474000
-0.724850
0.423030
-0.184980
0.561170
-0.119180
0.223830
-0.004680
0.732880
-0.843610
0.667250
-0.765240
0.275490
-0.035180
0.873080
-0.951680
0.420460
-0.974980
0.637330
-0.488180
0.685010
-0.272980
0.924890
-0.483430
0.419550
-0.475910
0.494600
-0.224830
0.272220
-0.727200
0.443130
-0.142160
0.043790
-0.578740
0.346230
-0.849200
0.062480
-0.475300
0.857560
-0.746270
0.876250
-0.923490
0.242900
-0.264460
-0.598240
0.816880
-0.405860
0.175290
-0.305760
0.210370
-0.355720
0.404420
-0.598960
0.199820
-0.475730
0.259580
-0.332330
0.451480
-0.931010
0.917130
-0.801160
0.205370
-0.371720
0.953530
-0.774620
0.337850
-0.291910
-0.145910
0.247630
-0.461280
0.770800
-0.263000
0.263710
-0.061900
0.611500
-0.508000
0.624600
-0.686300
0.085030
-0.534270
0.716390
-0.340880
0.736880
-0.473600
0.115130
-0.381580
0.446590
-0.193800
-0.733140
0.056290
-0.021030
0.679240
-0.937950
0.727690
-0.590530
0.697000
-0.451260
0.788200
-0.686010
0.006480
-0.604840
0.567370
-0.745520
0.714390
-0.328370
0.426450
-0.094310
0.698330
-0.108360
0.659450
-0.201590
0.705620
-0.199680
0.059750
-0.022950
0.387430
-0.084160
0.828150
-0.792310
0.890980
-0.318390
0.822790
-0.267890
0.843640
-0.003040
-0.692360
0.104630
-0.278680
0.785730
-0.079890
0.170560
-0.249600
0.471850
-0.038460
0.329320
-0.271640
0.297500
-0.078090
0.655540
-0.811900
0.255670
-0.856190
0.368470
-0.707380
0.096810
-0.009960
0.828340
-0.286830
0.170000
-0.697400
0.413960
-0.294300
-0.554330
0.076200
-0.123410
0.993490
-0.504440
0.003120
-0.709490
0.006310
-0.800230
0.745780
-0.385580
0.091150
-0.676260
0.272470
-0.475850
0.744220
-0.461650
0.215350
-0.498090
0.655730
-0.730470
0.061650
-0.540150
0.852940
-0.547810
0.433690
-0.209270
0.630030
-0.360590
0.289250
-0.757750
0.208790
-0.420140
0.613090
-0.128510
-0.210490
0.760330
-0.458430
0.785900
-0.006200
0.430660
-0.232490
0.813520
-0.495540
0.645560
-0.516960
0.204580
-0.079390
0.698040
-0.357620
0.614000
-0.493870
0.064950
-0.211900
0.007980
-0.240750
0.589560
-0.317270
0.793960
-0.013280
0.929290
-0.931740
0.048580
-0.272910
0.895960
-0.760860
0.826000
-0.328770
0.669050
-0.076780
0.265150
-0.764030
0.140360
-0.514210
0.198480
-0.755870
0.246150
-0.670350
0.916410
-0.790010
0.183820
0.170500
-0.663330
0.498470
-0.182330
0.340090
-0.213640
0.163790
-0.641530
0.241270
-0.193160
0.702080
-0.301670
0.829020
-0.981730
0.850040
-0.443860
0.814880
-0.582530
0.813450
-0.309410
0.297740
-0.906420
0.243090
-0.698780
0.745160
-0.887120
0.068530
-0.199180
0.595050
-0.111780
0.455950
-0.729960
0.967960
-0.056540
0.281560
-0.811990
0.243260
-0.771290
0.161960
-0.623880
0.604630
-0.450180
0.072010
-0.524730
0.389450
-0.083340
0.282560
-0.947990
0.559840
-0.499330
0.283550
-0.115850
0.812750
-0.126750
0.960060
-0.946140
0.247620
-0.050680
0.535060
-0.637890
0.953290
-0.595370
0.147510
-0.930050
0.198370
-0.560480
0.549110
-0.859070
0.953270
-0.795570
0.963850
-0.789990
0.055030
-0.951720
0.906410
-0.741590
0.224070
-0.439130
0.072100
0.050840
-0.726600
0.652630
-0.745030
0.277870
-0.993580
0.782110
-0.060470
0.308590
-0.511930
0.546470
-0.359770
0.233370
-0.396950
0.699260
-0.709950
0.297260
-0.916900
0.600930
-0.636200
0.722790
-0.451920
0.509860
-0.404700
0.779570
-0.594570
0.005530
-0.717970
0.090150
-0.222090
0.366880
-0.030710
-0.701650
0.857440
-0.904460
0.440390
-0.927950
0.082600
-0.069570
0.000670
-0.563140
0.318260
-0.735420
0.736990
-0.318840
0.510030
-0.111660
0.504190
-0.787180
0.291240
-0.376230
0.964780
-0.607570
0.528500
-0.321810
0.599260
-0.779220
0.203360
-0.150700
0.891460
-0.669470
0.172740
-0.141630
0.293570
-0.409950
0.519450
-0.528470
0.531310
-0.343400
0.685140
-0.495770
0.403910
-0.851340
0.269510
-0.629180
0.428690
-0.543060
0.583580
0.317900
-0.783440
0.814180
-0.297240
0.660420
-0.446370
0.447200
-0.281740
0.127620
-0.621530
0.084620
-0.159740
0.368570
-0.799230
0.879650
-0.447910
0.890100
-0.365320
0.016010
-0.574380
0.672240
-0.233630
0.493940
-0.539880
0.709250
-0.716570
0.882950
-0.445250
0.649790
-0.751520
0.791700
-0.648710
0.106330
0.429120
-0.609170
0.473700
-0.496710
0.189090
-0.085500
0.834070
-0.084140
0.347050
-0.547260
0.424510
-0.004040
0.645170
-0.247210
0.496000
-0.445760
-0.058490
0.428890
-0.667730
0.739830
-0.088780
0.776200
-0.832900
0.687550
-0.241690
0.462110
-0.804740
0.901270
-0.583450
0.946600
-0.888200
0.770520
-0.385490
0.412880
-0.861130
0.740160
-0.460400
0.689360
-0.377110
0.869740
-0.569880
0.458490
-0.508370
0.752980
-0.941580
0.506060
-0.706060
0.613880
-0.373380
0.618620
-0.570700
0.846370
-0.910090
0.364310
-0.445970
0.556570
-0.701810
0.495190
-0.892820
0.542030
-0.672980
0.205590
-0.648550
0.851180
-0.971520
0.186230
-0.651290
0.911820
-0.127690
0.567780
-0.280200
0.052610
-0.846000
0.313000
-0.728550
0.495110
-0.799510
0.205080
-0.003850
0.700490
-0.058570
0.228740
-0.186770
0.373030
-0.283170
-0.084540
0.238270
-0.838380
0.121730
-0.682970
0.708230
-0.001910
0.341710
-0.364500
0.956490
-0.059490
0.860340
-0.305300
0.339420
-0.625980
0.078250
-0.966720
0.209860
-0.572570
0.080820
-0.939860
0.704950
-0.560170
0.560590
-0.852110
0.934790
-0.431930
-0.042760
0.730500
-0.261340
0.878620
-0.757190
0.254540
-0.610590
0.841750
-0.462040
0.418950
-0.335360
0.262460
-0.491070
0.025610
-0.999980
0.887430
-0.251250
0.763650
-0.895090
0.606540
-0.978240
0.044680
-0.499070
0.832420
-0.189120
0.262760
-0.489420
0.690590
-0.147190
0.939210
-0.825980
0.475420
-0.052230
0.902670
-0.188350
0.721710
-0.177780
0.657320
-0.861980
0.505960
-0.318670
0.102470
-0.781180
0.479920
-0.322050
0.248520
-0.146530
0.677640
-0.303700
0.750770
-0.956180
0.485260
-0.200460
0.819590
-0.503210
0.917000
-0.963650
0.733810
-0.124120
0.591910
-0.798320
0.870080
-0.510820
0.572990
-0.095260
0.951570
-0.887090
0.676110
-0.927690
0.354850
-0.052400
0.195080
-0.652400
0.786240
-0.262560
0.070800
-0.317180
0.703420
-0.748550
0.872170
-0.536530
0.421260
-0.535330
0.392690
-0.912770
0.327870
-0.719280
0.951870
-0.761050
0.033370
-0.761120
0.780060
-0.350830
0.325370
-0.364060
0.060270
-0.443870
0.674320
-0.176880
0.832880
-0.023320
0.691420
-0.366510
0.323270
-0.709730
0.099150
-0.615370
0.939920
-0.965130
0.468600
-0.492360
0.470950
-0.499770
0.166730
-0.438660
0.660480
-0.011870
0.175160
-0.618020
0.223470
-0.818090
0.266150
-0.340820
0.283400
-0.883880
0.070780
-0.311040
0.462380
-0.236570
0.775230
-0.703970
0.900990
-0.237670
0.479420
-0.018560
0.043840
-0.626520
0.941960
-0.898710
0.683350
-0.674180
0.403850
0.442090
-0.503570
0.179370
-0.729960
0.784460
-0.004670
0.867510
-0.202130
0.935470
-0.826520
0.564270
-0.297980
0.235680
-0.507090
0.740350
-0.440230
0.835800
-0.213500
0.563510
-0.234520
0.427060
-0.515130
0.872630
-0.430570
0.973240
-0.363970
0.593050
-0.992840
0.956390
-0.663290
0.066570
-0.253940
0.386920
-0.055640
0.314870
-0.046060
0.281770
-0.793950
0.923360
-0.793150
0.649820
-0.707400
0.799210
-0.125540
0.604060
-0.297940
0.109880
-0.836800
0.262330
-0.122700
-0.500120
0.155940
-0.398290
0.268360
-0.478440
0.355290
-0.483310
0.591140
-0.316750
0.050890
-0.499900
0.749310
-0.334800
0.247470
-0.548310
0.001380
-0.164360
0.565100
-0.113840
0.834190
-0.221790
0.078620
-0.474230
0.374870
-0.512440
0.127800
-0.535710
0.051930
-0.830560
0.509750
-0.391110
0.865450
-0.434470
0.286800
-0.668180
0.995100
-0.848380
0.936170
-0.968690
0.087720
-0.666780
0.417360
-0.317280
0.743500
-0.055660
0.974440
-0.502760
0.097260
-0.412880
0.896180
-0.925430
0.936340
-0.147570
0.276110
-0.407950
0.484020
-0.811520
0.988600
-0.684190
0.523970
-0.551780
0.653990
-0.768950
0.167000
-0.366580
0.221540
-0.920760
0.489950
-0.096380
0.944730
-0.124610
0.576120
-0.832590
0.388000
-0.873970
0.397040
-0.855810
0.407360
-0.387910
0.788690
-0.673240
-0.081200
0.836450
-0.364400
0.004350
-0.048860
0.712670
-0.866860
0.621660
-0.963440
0.864100
-0.903640
0.389100
-0.835570
0.060980
-0.276770
0.160860
-0.245400
0.927410
-0.460330
0.710050
-0.484580
0.642810
-0.960130
0.991550
-0.694330
0.743450
-0.631970
0.997370
-0.405910
0.144980
-0.821490
0.676130
0.294690
-0.647720
0.199040
-0.108150
0.840590
-0.106960
0.522590
-0.539040
0.474170
-0.529850
0.936180
-0.109880
0.380450
-0.146660
0.860630
-0.832000
0.550200
-0.182230
0.621270
-0.076550
0.122830
-0.019520
0.906330
-0.532230
0.207910
-0.612220
0.451260
-0.775340
0.188740
-0.459530
0.123710
-0.898790
0.058540
-0.180660
0.365660
-0.777150
0.142740
-0.220030
0.677550
-0.218770
0.567890
-0.340740
0.091820
0.554670
-0.700010
0.772930
-0.561560
0.309240
-0.881990
0.770500
-0.980890
0.349390
-0.180740
0.793500
-0.010020
0.940650
-0.461150
0.236440
-0.289920
0.450300
-0.581660
0.068490
-0.717170
0.768940
-0.150930
0.443000
-0.714340
0.903260
-0.510970
0.642240
-0.438110
0.605740
-0.311180
0.882500
-0.471640
0.767490
-0.190290
0.289680
-0.682690
0.487710
-0.792320
0.978230
-0.010530
0.089840
-0.239040
0.594380
-0.688380
0.905720
-0.863230
0.780630
0.093940
-0.667640
0.399170
-0.075010
0.554640
-0.543330
0.698560
-0.772290
0.413070
-0.633040
0.727060
-0.816460
0.812760
-0.997760
0.396980
-0.988140
0.851520
-0.964770
0.742730
-0.736780
0.221480
-0.570260
0.000550
-0.721460
0.271300
-0.448660
0.785520
-0.880770
0.978120
-0.117930
0.448610
-0.504060
0.517690
-0.240310
0.512620
-0.014130
-0.161860
0.922710
-0.741930
0.649180
-0.808590
0.046290
-0.777680
0.013900
-0.965620
0.002600
-0.038680
0.085570
-0.861970
0.194850
-0.548530
0.249560
-0.215830
0.531720
-0.850960
0.885510
-0.066880
0.129740
-0.299750
0.300470
-0.791220
0.332040
-0.638380
0.122270
-0.336660
0.280050
-0.975630
0.445210
-0.987560
0.220510
-0.847380
0.179170
-0.417560
0.342060
-0.482450
0.671870
-0.942610
0.435480
-0.366470
0.939350
-0.141070
0.780540
-0.613350
0.495790
-0.611560
0.146190
-0.747980
0.733230
-0.538100
0.401020
-0.994850
0.596920
-0.998350
0.525460
-0.382870
0.022180
-0.443690
0.675290
-0.456360
0.412850
-0.434730
0.026190
-0.272870
0.001990
-0.148190
0.373010
-0.212100
0.323350
-0.226390
0.900790
-0.477190
0.391690
-0.977060
0.066060
-0.435540
0.573190
-0.372110
0.910590
-0.272350
0.495200
-0.118090
0.847930
-0.074970
0.447230
-0.646450
0.820070
-0.921810
0.767940
-0.556450
0.274550
-0.786020
0.444410
-0.076480
-0.214740
0.606740
-0.864890
0.737550
-0.730800
0.620490
-0.345410
0.990180
-0.160280
0.740190
-0.716620
0.106800
-0.749750
0.203210
-0.010870
-0.164000
0.777470
-0.901540
0.813130
-0.427070
0.125880
-0.783370
0.476340
-0.413470
0.935860
-0.847890
0.470280
-0.357240
0.067830
-0.790480
0.309830
-0.214680
0.008640
-0.770250
0.160530
-0.282810
0.560000
-0.711880
0.031740
-0.942920
0.863000
-0.048680
0.106540
-0.199580
0.660100
-0.458860
0.949330
-0.730860
0.824850
-0.258580
0.039590
-0.776340
0.133930
-0.695360
0.943030
-0.210340
0.397220
-0.882140
0.440380
-0.039540
0.296030
-0.323170
0.865470
-0.495080
0.362200
-0.143260
0.477600
-0.277480
0.777970
-0.891040
0.027670
-0.122560
0.497020
-0.743740
0.731070
-0.708700
0.657250
-0.555850
0.200590
-0.370530
0.787700
-0.065210
-0.307780
0.762340
-0.757160
0.221990
-0.851390
0.083220
-0.853500
0.191850
-0.831620
0.330380
-0.678090
0.479590
-0.382540
0.537000
-0.532620
0.400440
-0.444260
0.494390
-0.832380
0.429130
-0.151850
0.851550
-0.613940
0.219590
-0.829170
0.089530
-0.949070
0.453350
-0.037250
0.551000
-0.090230
0.237850
-0.895090
0.220260
-0.561590
0.446180
-0.193440
0.635520
-0.350630
0.740660
-0.495420
0.442450
0.354760
-0.479360
0.679970
-0.404690
0.354070
-0.342700
0.057620
-0.165110
0.250420
-0.000540
0.567470
-0.479800
0.254820
-0.651760
0.268090
-0.154410
0.043800
0.009540
-0.647560
0.577520
-0.991140
0.182040
-0.213780
0.905090
-0.795210
0.831090
-0.632460
0.466600
-0.081170
0.200220
-0.930510
0.086180
-0.277780
0.246360
-0.933830
0.279050
-0.349140
-0.464710
0.105140
-0.306870
0.696170
-0.206120
0.702480
-0.907930
0.800870
-0.520910
0.094530
-0.257250
0.717280
-0.622090
0.878810
-0.431840
0.966100
-0.260820
0.818870
-0.706780
0.345690
-0.136830
0.869020
-0.938510
0.510160
-0.731100
0.878050
-0.964210
0.172460
-0.887130
0.364030
-0.833300
0.605940
-0.726270
0.533480
-0.190370
0.057210
-0.880940
0.289060
-0.578760
0.172940
-0.299000
0.027340
-0.046680
0.806430
-0.272880
0.965400
-0.050150
0.680600
-0.171920
0.636890
-0.495630
0.138290
-0.737190
0.760160
-0.837470
0.801770
-0.999010
0.378580
-0.271140
0.172440
-0.525480
0.362310
-0.531480
0.874740
-0.381630
0.056990
-0.117490
0.062010
-0.531910
0.276920
-0.999600
0.565270
-0.648710
0.634960
-0.538260
0.263920
-0.854300
0.029040
0.190800
-0.771400
0.274940
-0.988260
0.173510
-0.253560
0.152800
-0.854360
0.076660
-0.332780
0.923780
-0.990890
0.583790
-0.417400
0.933170
-0.250010
0.798470
-0.636900
0.695740
-0.166010
0.561870
-0.804560
0.359910
0.331630
-0.577630
0.486170
-0.960820
0.801350
-0.394770
0.897870
-0.030900
-0.177480
0.891120
-0.511180
0.288400
-0.712300
0.117290
-0.913870
0.466730
-0.735510
0.056130
-0.377700
0.402510
-0.621550
0.773920
-0.846390
0.616240
-0.833670
0.100750
-0.741430
0.670330
-0.873670
0.470050
-0.329660
0.810670
-0.249420
0.251910
-0.897810
0.515070
-0.388870
0.199370
-0.996030
0.654510
-0.497130
0.378310
-0.602290
0.564650
-0.540850
0.062920
-0.406770
0.421360
-0.624440
0.772970
-0.256340
0.517310
-0.577980
0.767960
-0.080610
0.192240
-0.148340
0.273850
-0.080990
0.402270
-0.454520
0.165540
-0.971990
0.791340
-0.556200
0.495520
-0.332410
0.985970
-0.360730
0.800030
-0.262680
0.355500
-0.270150
0.488610
-0.072860
0.650760
-0.690440
0.239350
-0.323610
0.207730
0.198980
-0.183650
0.208740
-0.939290
0.036770
-0.123480
0.374650
-0.168720
0.082300
-0.065590
0.928960
-0.267740
0.481200
-0.742810
0.142190
-0.340660
0.932940
-0.335280
0.252630
-0.323140
0.373730
-0.895640
0.210140
-0.429740
0.148990
-0.082500
0.864800
-0.021630
0.196140
-0.295730
0.098340
0.087580
-0.323230
0.865680
-0.178720
0.712270
-0.310460
0.628570
-0.363720
0.126370
-0.057020
0.631870
-0.196740
0.647810
-0.552280
0.376400
-0.281800
0.869840
-0.051890
0.098020
-0.923760
0.480530
-0.649330
0.650700
-0.246010
0.206010
0.334220
-0.127580
0.902830
-0.625240
0.433900
-0.018410
0.556580
-0.205780
0.666020
-0.572580
0.592180
-0.149800
0.266750
-0.686120
0.881850
-0.765950
0.257690
-0.695310
0.176640
-0.399760
0.341220
-0.276660
0.438990
-0.302990
0.912010
-0.966020
0.752740
-0.205990
0.945170
-0.585980
0.265540
-0.973210
0.583870
-0.952080
0.213120
-0.101750
0.536710
-0.128050
0.132060
-0.340870
0.435920
-0.126080
0.359080
-0.869740
0.952630
-0.300450
0.080760
-0.422200
0.378090
-0.135080
0.449330
-0.873240
0.729040
-0.502140
0.228630
-0.046020
0.867340
-0.459530
0.689890
-0.045330
0.331150
-0.872860
0.654660
-0.771020
0.696900
-0.457410
-0.190400
0.832840
-0.969360
0.877500
-0.490320
0.502700
-0.599530
0.003390
-0.378440
0.853740
-0.563960
-0.329680
0.621210
-0.272980
0.471740
-0.409040
0.827420
-0.923450
0.168910
-0.048520
0.206870
-0.779000
0.494630
-0.339310
0.971170
-0.322620
0.275350
-0.077940
0.755670
-0.781460
0.810950
-0.845450
0.176630
-0.438840
0.622970
-0.910870
0.644410
-0.906080
0.209300
-0.986800
0.107180
-0.164220
0.998590
-0.942870
0.933870
-0.792160
0.059060
-0.094350
-0.352650
0.086060
-0.274100
0.442460
-0.599720
0.706220
-0.393420
0.030350
-0.732190
0.506120
-0.198710
0.358590
-0.008100
-0.137600
0.879370
-0.301460
0.909710
-0.938330
0.598950
-0.612540
0.758820
-0.564530
0.649830
-0.315420
0.524170
-0.036700
0.318320
-0.964490
0.547540
-0.698800
0.519860
-0.520290
0.800880
-0.550700
0.088590
-0.627130
0.937810
-0.279370
0.557700
-0.069630
0.411330
-0.937860
0.513880
-0.402420
0.083500
-0.021810
0.420330
-0.867920
0.611290
-0.876710
0.791520
-0.496120
0.281230
-0.258440
0.096700
-0.045590
0.009860
-0.730240
0.985390
-0.582880
0.265530
-0.426610
0.486320
-0.542960
0.586850
-0.322150
0.279440
-0.451390
0.916790
-0.241810
0.205170
-0.734500
0.669630
-0.234800
0.977710
-0.066360
0.670260
-0.107200
0.110070
-0.388240
0.677890
-0.179280
0.802600
-0.052100
0.978380
-0.293810
0.623510
-0.055780
0.067790
-0.865010
0.371660
-0.118690
0.871600
-0.909500
0.790490
-0.733220
0.523450
-0.905910
0.685230
-0.402660
0.878830
-0.657470
0.104100
-0.806570
0.834140
-0.014060
0.715120
-0.565360
0.903420
-0.878730
0.157280
-0.397540
0.888710
-0.425480
0.113910
-0.167680
0.409150
-0.752320
0.222710
-0.354200
0.265070
-0.444030
0.436320
-0.958310
0.236240
-0.505300
0.969370
-0.053960
0.869680
-0.547930
0.114540
-0.742520
0.121670
-0.981170
0.550060
-0.722040
0.631010
-0.278910
0.568870
-0.990560
0.233650
-0.151730
0.033710
-0.365190
0.939410
-0.074030
0.072780
-0.141920
0.835960
-0.067660
0.439920
-0.777730
0.583500
-0.970080
0.865720
-0.323680
0.801880
-0.841180
0.160990
-0.596000
0.658870
-0.082210
-0.634130
0.175870
-0.668430
0.934540
-0.110470
0.213300
-0.613220
0.447680
-0.745670
0.815270
-0.972550
0.985640
-0.624410
0.872670
-0.712470
0.069790
-0.657670
0.337860
-0.008980
0.445690
-0.489350
0.852580
-0.122790
0.905240
-0.632050
0.268370
-0.377010
0.225540
-0.651260
0.198730
-0.063610
0.571800
-0.319140
0.676810
-0.842070
0.598270
-0.953160
0.715130
-0.040320
0.178290
-0.592880
0.666180
-0.366480
0.813040
-0.951990
0.944370
-0.955490
0.270490
-0.650940
0.698180
-0.559040
0.803720
-0.940680
0.116800
-0.097590
-0.545190
0.732860
-0.822560
0.582690
-0.411460
0.530000
-0.272040
0.067720
-0.289110
0.131160
-0.771540
0.427250
-0.776170
0.128150
-0.553810
0.095560
-0.034220
0.750350
-0.405330
0.507830
-0.253620
0.485040
-0.162350
0.550820
-0.972900
0.507200
-0.829400
0.616500
-0.656100
0.912510
-0.759490
0.192560
-0.864690
0.789360
-0.917680
0.418240
-0.748830
0.528280
-0.606000
0.185750
-0.233070
0.394890
-0.883130
0.512610
-0.374760
0.134690
-0.141080
0.888980
-0.484430
0.549410
-0.759460
0.904790
-0.204570
0.795920
-0.173750
0.032440
-0.905780
0.319090
-0.913730
0.834270
-0.629770
-0.164010
0.327720
-0.227080
0.844760
-0.371180
0.940360
-0.980630
0.770680
-0.798970
0.214280
-0.329070
0.151960
-0.326220
0.168950
-0.351260
0.396670
-0.799560
0.945940
-0.108720
0.426380
-0.837430
0.291960
-0.343030
0.775650
-0.260140
0.339240
-0.965630
0.414950
-0.855710
0.847430
-0.512020
0.199020
-0.981970
0.550010
-0.721660
0.411600
-0.113870
-0.760940
0.757630
-0.767360
0.834120
-0.466630
0.966580
-0.748580
0.445040
-0.614350
0.801590
-0.705790
0.727460
-0.143830
0.336050
-0.351390
0.283910
-0.753360
0.994590
-0.930170
0.635390
-0.783210
0.283680
-0.903180
0.902790
-0.222520
0.914880
-0.779140
0.140940
-0.899740
0.538510
-0.102490
0.300090
-0.553800
0.749510
-0.713630
0.435210
-0.454040
0.957010
-0.175740
0.696830
-0.262790
0.995570
-0.907930
0.002240
-0.212740
0.721380
-0.347770
0.874220
-0.424180
0.993070
-0.325440
0.815390
-0.341780
0.607350
-0.559200
0.124100
-0.373720
0.728840
-0.257910
0.808010
-0.710100
0.152320
-0.762720
0.072650
-0.042970
0.699140
-0.005700
0.355460
-0.654040
0.812520
-0.527710
0.085100
-0.659480
0.697990
-0.288740
0.930400
-0.865610
0.117290
-0.971210
0.404020
-0.385370
0.669460
-0.027810
0.442740
-0.976720
0.284830
-0.719750
0.018240
-0.009260
0.046320
-0.770320
0.227740
-0.710480
0.311490
-0.068150
0.414070
-0.337700
0.989330
-0.303420
0.634150
-0.785100
0.976010
-0.709920
0.579320
-0.765500
0.379590
-0.888500
0.079200
-0.674820
0.148820
-0.873670
0.296700
-0.481680
0.042850
-0.162030
0.385860
-0.390540
0.123420
-0.967030
0.634280
-0.399520
0.675010
-0.710190
0.583270
-0.534950
0.955410
-0.930390
0.567720
-0.055900
0.740910
-0.013890
0.938780
-0.422210
0.841760
-0.317670
0.812270
-0.037100
0.309320
-0.036520
0.479650
-0.621810
0.665600
-0.244340
0.590570
-0.439770
0.502250
-0.977550
0.835110
-0.581380
0.457630
-0.381120
0.624020
-0.888480
0.290240
0.526640
-0.932500
0.107790
-0.413550
0.623920
-0.979640
0.384060
-0.983020
0.182840
-0.658570
0.918150
-0.250480
0.701960
-0.632970
0.550100
-0.351260
0.556630
-0.928350
0.881880
-0.656500
0.994350
-0.286260
0.140350
0.107280
-0.568560
0.339360
-0.602360
0.866070
-0.927970
0.539470
-0.047470
0.672070
-0.358370
0.443400
-0.977670
0.694060
-0.034940
0.771820
-0.245420
0.360550
-0.742130
0.188720
-0.382520
-0.350620
0.406910
-0.427940
0.107180
-0.045130
0.772820
-0.363350
0.060350
-0.511610
0.299810
-0.985820
0.992300
-0.597140
0.164510
-0.910030
0.624420
-0.952790
0.379240
-0.473550
0.171880
-0.280240
0.939690
-0.141280
0.846900
-0.046580
0.106330
-0.129280
0.516710
-0.600870
0.429020
-0.221330
0.112310
-0.430700
0.253490
-0.521380
0.365020
-0.368060
-0.324300
0.428930
-0.707610
0.493340
-0.573230
0.743790
-0.993390
0.465240
-0.503700
0.833020
-0.104660
0.402160
-0.480250
0.135790
-0.947690
0.203360
-0.059550
0.428020
-0.135400
0.232210
-0.242170
0.070510
-0.357340
0.527340
-0.224740
0.638700
-0.933000
0.378670
-0.302470
0.179060
0.814430
-0.318870
0.321990
-0.031480
0.037790
-0.838020
0.583800
-0.969380
0.060530
-0.736790
0.009260
-0.485110
0.229330
-0.690980
0.906330
-0.404420
0.060150
-0.790620
0.852270
-0.392420
0.245360
-0.793170
0.226860
-0.436130
0.066160
-0.426750
0.716000
-0.473750
0.682540
-0.102680
0.715770
-0.844280
0.633790
0.126540
-0.584970
0.370870
-0.377070
0.807730
-0.040220
0.853740
-0.349280
0.994840
-0.511800
0.716380
-0.795770
0.493810
-0.851430
0.465430
-0.959300
0.024250
-0.236150
0.244130
-0.484880
0.074440
-0.391710
0.185670
-0.198950
0.128240
-0.059980
0.108560
-0.381470
0.277430
-0.038290
0.864290
-0.193060
0.862110
-0.938890
0.204040
-0.968070
0.108430
-0.622640
0.821120
-0.576990
0.823140
-0.493490
0.409900
-0.199910
0.383730
-0.213230
-0.450100
0.948570
-0.130900
0.470990
-0.684630
0.848420
-0.489950
0.731220
-0.924380
0.626460
-0.928130
0.757150
-0.738880
0.588920
-0.032780
0.847660
-0.430190
0.243640
-0.553050
0.850790
-0.757210
0.000300
-0.699080
0.444240
-0.331360
0.399890
-0.599070
0.194120
-0.305900
0.761850
-0.491810
0.459770
-0.516310
0.797870
-0.609860
0.853120
-0.624410
0.786370
-0.410250
0.014880
-0.465060
0.537070
-0.061800
0.451250
-0.534590
0.817150
-0.765140
0.324980
-0.824310
0.107860
-0.223710
0.036460
-0.163210
0.123270
-0.069410
0.317030
-0.367710
0.902770
-0.540660
0.493950
-0.089320
0.236830
-0.166880
0.365250
-0.925730
0.474840
-0.333910
0.287180
-0.082750
0.046600
-0.836590
0.891620
-0.843340
0.749750
-0.491340
0.715410
-0.154540
0.226640
-0.175800
-0.550800
0.203430
-0.948460
0.226330
-0.219910
0.002020
-0.062490
0.371080
-0.883010
0.429480
-0.789250
0.022620
-0.419570
0.118830
-0.828780
0.126040
-0.042940
0.643870
-0.280070
0.002860
-0.454780
0.964640
-0.369340
0.148910
-0.743480
0.749010
-0.466980
0.557130
-0.779220
0.146100
-0.176810
-0.524840
0.382280
-0.286740
0.727130
-0.655080
0.737680
-0.807250
0.807920
-0.371060
0.689320
-0.424740
0.161730
-0.480570
0.990600
-0.102260
0.606450
-0.393630
0.684870
-0.061100
0.025880
-0.633450
0.161950
-0.483760
0.083020
-0.862240
0.065600
-0.216300
0.107760
-0.777230
0.949970
-0.091600
0.385170
-0.795120
0.314570
-0.843040
0.374350
-0.717750
0.402890
-0.898660
0.302570
-0.153910
0.423420
-0.052600
0.481290
-0.024350
0.607930
-0.290030
-0.493410
0.307590
-0.604830
0.265250
-0.711620
0.158820
-0.440560
0.568180
-0.189710
0.274330
-0.434070
0.802640
-0.601870
0.481520
-0.929430
0.819530
-0.184850
0.200860
-0.775240
0.447480
-0.681110
0.175050
-0.714930
0.424180
-0.140750
0.023700
-0.468950
0.118740
-0.870260
0.661960
-0.310670
0.417000
0.012120
-0.621290
0.094990
-0.591700
0.780790
-0.866290
0.700360
-0.784500
0.131550
-0.678810
0.103320
-0.107360
0.752530
-0.999740
0.495740
-0.941500
0.883010
-0.454120
-0.213610
0.953440
-0.042220
0.818420
-0.651320
0.338870
-0.580560
0.042670
-0.847410
0.748680
-0.332130
0.278730
-0.166930
0.937450
-0.322940
0.735820
-0.596950
0.337110
-0.797510
0.486870
-0.863980
0.733720
-0.303600
0.762090
-0.270460
0.023440
-0.965020
0.471080
-0.177140
0.791020
-0.164400
0.783020
-0.353720
0.200090
-0.110180
0.474490
-0.920460
0.477030
-0.178840
0.674030
-0.566850
0.108880
-0.781860
0.987450
-0.636000
0.487180
-0.458700
0.644930
-0.296220
0.208040
-0.335730
0.903510
-0.183710
0.236320
-0.082320
0.395320
-0.123870
0.618980
-0.418490
0.623570
-0.627420
0.327910
-0.386480
0.615220
-0.801990
0.175020
-0.458190
0.373650
-0.135380
-0.703000
0.824730
-0.507700
0.215930
-0.217840
0.559550
-0.924050
0.880540
-0.940030
0.800370
-0.105670
0.445090
-0.071070
0.149320
-0.116040
0.325900
-0.898470
0.979290
-0.919150
0.624100
-0.184270
0.744860
-0.596970
0.531760
-0.963690
0.920930
-0.190430
-0.070910
0.949530
-0.706720
0.961260
-0.571850
0.413600
-0.875640
0.294590
-0.629950
0.892410
-0.383480
0.409090
-0.409070
0.296500
-0.547750
0.311400
-0.206490
0.813030
-0.791270
0.835950
-0.335020
0.167440
-0.356560
0.619320
-0.108740
0.799330
-0.946520
0.885730
-0.711710
0.187130
-0.239360
0.142030
-0.330380
0.052090
-0.229870
0.887190
-0.749170
0.255130
-0.573800
0.676270
-0.457450
0.937370
-0.259420
0.507940
-0.654470
0.332110
-0.635810
0.386580
-0.342760
0.828020
-0.028480
0.848070
-0.351280
0.268280
-0.231930
0.965740
-0.089860
0.681770
-0.480090
0.350170
-0.860990
0.433980
-0.529240
0.480810
-0.367900
0.044010
-0.971700
0.326550
-0.378950
0.574030
-0.226430
0.012670
-0.275230
0.346030
-0.663210
0.366630
-0.115180
0.987350
-0.523880
0.945140
-0.480470
0.873160
-0.785930
0.113800
-0.833080
0.784950
-0.546000
0.579370
-0.340490
0.120550
-0.471380
0.796750
-0.160810
0.221080
-0.664950
0.339270
-0.516150
0.349030
-0.372350
0.063770
-0.430280
0.753550
-0.463280
0.562430
-0.177800
0.117720
-0.082850
0.551450
-0.043810
0.514760
-0.014530
0.181260
-0.619920
0.280400
-0.292270
0.467430
-0.085450
0.308920
-0.127010
0.393160
-0.733980
0.017380
-0.901260
0.972040
-0.283080
0.745460
-0.982030
0.757260
-0.461230
0.362220
-0.599890
0.079310
-0.097870
0.141710
-0.768230
0.710190
-0.608900
0.292250
-0.966430
0.370280
0.071810
-0.575380
0.754750
-0.484710
0.269170
-0.273840
0.141350
-0.343480
0.278950
-0.105470
0.669740
-0.967720
0.203400
-0.710490
0.450840
-0.891070
0.726870
-0.940370
0.503880
-0.738400
0.165460
-0.680590
0.553220
-0.983790
0.957030
-0.321000
0.914050
-0.906890
0.863280
-0.526570
0.593140
-0.847080
0.234000
-0.289640
0.604510
-0.650570
0.932340
-0.726290
0.649650
-0.442800
0.092620
-0.800020
0.599230
-0.724770
0.328830
-0.626770
0.736650
-0.573450
0.835780
-0.958480
0.458360
-0.302420
-0.095870
0.364230
-0.842670
0.197960
-0.681270
0.272410
-0.589160
0.640050
-0.139950
0.889260
-0.224060
0.471530
-0.019840
0.021220
-0.185580
0.750680
-0.864520
0.698710
-0.920500
0.999120
-0.473350
0.848220
-0.360660
0.488460
-0.024170
0.076100
-0.906660
0.416410
-0.807520
0.672970
-0.107440
0.394240
-0.062420
0.057520
-0.905900
0.842070
-0.810760
0.898480
-0.565260
0.982620
-0.299900
0.043400
-0.099060
0.073500
-0.576260
0.673520
-0.086400
0.982580
-0.908010
0.844350
-0.991920
0.268030
-0.675980
0.160000
-0.971520
0.960120
-0.644310
0.168280
-0.720060
0.374050
-0.143000
0.310000
-0.676580
0.898120
-0.818880
0.308830
-0.405210
0.349940
-0.474550
0.050670
-0.883260
0.271260
-0.145230
0.542270
-0.398080
0.805440
-0.193350
0.982040
-0.655280
0.574080
0.262370
-0.626770
0.631120
-0.679980
0.392650
-0.259510
0.881170
-0.844610
0.708710
-0.612350
0.001450
-0.837020
0.898000
-0.174770
0.335630
-0.581030
0.508440
-0.968770
0.678820
-0.163400
0.806210
-0.766340
0.757890
-0.452220
0.195670
-0.827640
0.825010
-0.230920
0.375900
-0.197390
0.873520
-0.578830
-0.068890
0.267930
-0.376080
0.216670
-0.323630
0.846220
-0.385260
0.859430
-0.389280
0.325460
-0.435340
0.815790
-0.962450
0.823080
-0.655080
0.205280
-0.387510
0.008780
-0.085330
0.208160
-0.227680
0.134010
-0.666240
0.874150
-0.486370
0.937630
-0.712970
0.901710
-0.361240
0.484950
-0.383740
0.442280
-0.622940
0.988600
-0.765750
0.908490
-0.128520
0.806070
-0.024840
0.592730
-0.933470
0.025290
0.529380
-0.229390
0.002320
-0.563880
0.873120
-0.755110
0.525610
-0.506500
0.855890
-0.036630
0.830130
-0.840150
0.780800
-0.241950
0.478390
-0.768310
0.218610
-0.800270
0.868760
-0.585930
0.354870
-0.505800
0.948800
-0.663140
0.566400
-0.077370
0.719610
-0.157720
0.763460
-0.074640
0.957140
-0.428780
0.196270
-0.386560
0.676240
-0.358930
0.846640
-0.638960
0.617190
-0.627720
0.717560
-0.956600
0.550980
-0.239360
0.145080
-0.008310
0.788940
-0.695000
0.027360
0.371810
-0.446820
0.001460
-0.544790
0.243350
-0.015640
0.428710
-0.061750
0.788810
-0.605270
0.418030
-0.415790
0.812770
-0.800910
0.652430
-0.617200
0.359930
-0.096710
0.318190
-0.888450
0.889000
-0.610460
0.881760
-0.330420
0.115940
-0.996710
0.974830
-0.092760
0.541370
-0.045430
0.563120
-0.803430
0.316050
-0.330180
0.168320
0.754390
-0.496320
0.145500
-0.954090
0.000380
-0.778060
0.791960
-0.757580
0.760180
-0.798860
0.884430
-0.746400
0.941250
-0.489780
0.739340
-0.955170
0.486890
-0.337850
0.223360
-0.290240
0.419980
-0.719730
0.020200
-0.811420
0.143460
-0.781840
0.904110
-0.240770
0.520820
-0.496450
0.941660
-0.929220
0.149730
-0.997110
0.176280
-0.593840
0.935900
-0.418350
0.090220
-0.032830
0.468310
-0.834780
0.774130
-0.915200
0.695740
-0.309090
0.804880
-0.416440
0.562630
-0.310610
0.043840
-0.581940
0.982960
-0.977810
0.574730
-0.573080
0.098540
-0.481410
0.503590
-0.947280
0.622570
-0.078930
0.491780
-0.926510
0.952700
-0.225570
0.227560
-0.375750
0.748760
-0.960860
0.284210
-0.510600
0.411390
-0.888580
0.280270
-0.257330
0.323390
-0.758930
0.332120
-0.704230
0.614820
-0.887170
0.382370
-0.500460
0.348390
-0.423360
0.870590
-0.517040
0.337110
-0.258920
0.026860
-0.583310
0.857860
-0.643880
0.088290
-0.164770
-0.049970
0.656710
-0.521600
0.259150
-0.989950
0.610440
-0.955850
0.946030
-0.106310
0.846500
-0.563120
0.669920
-0.419670
0.622880
-0.633750
0.469750
0.307720
-0.209260
0.022390
-0.449460
0.575340
-0.358710
0.835050
-0.248520
0.184380
-0.032270
0.502550
-0.859790
0.927620
-0.718100
0.027930
-0.242610
0.251250
-0.021500
0.182030
-0.464840
0.024840
-0.736720
0.768460
-0.711380
0.574380
-0.623060
0.729600
-0.929180
0.589280
-0.048140
0.997470
-0.728330
0.553180
-0.811760
0.851350
-0.627690
0.761620
-0.456980
0.400010
-0.610350
0.007570
-0.889710
0.330090
-0.369630
0.665660
-0.988830
0.854300
-0.349380
0.711580
-0.854840
0.332440
-0.609920
0.387890
-0.278930
0.306600
-0.429160
0.926180
-0.669920
0.400990
-0.109690
0.766940
-0.322790
0.523380
-0.893910
0.681610
-0.746820
0.439040
0.323300
-0.080460
0.302450
-0.153840
0.237060
-0.090560
0.282410
-0.114030
0.444410
-0.122500
0.602090
-0.984630
0.521630
-0.054250
0.454690
-0.898950
0.393340
-0.225720
0.654850
-0.806700
0.658250
-0.272190
0.491780
-0.320950
0.410480
-0.359550
0.812900
-0.850150
0.401150
-0.491380
0.729230
-0.624320
0.844580
-0.406170
0.852350
-0.045790
0.681310
-0.031940
0.772600
-0.268020
0.710470
-0.355710
-0.123650
0.803620
-0.208310
0.562380
-0.905080
0.962700
-0.127810
0.378230
-0.378770
0.946240
-0.426040
0.680860
-0.332620
0.600710
-0.755120
0.798920
-0.789380
0.141820
0.435700
-0.426840
0.608880
-0.822660
0.727750
-0.522960
0.354050
-0.986510
0.453110
-0.534280
0.734500
-0.665010
0.751190
-0.028970
0.275330
-0.209160
0.488210
-0.837350
0.372640
-0.267500
-0.039370
0.735540
-0.941660
0.644140
-0.552070
0.352940
-0.873850
0.968380
-0.225630
0.942910
-0.565000
0.443810
-0.875650
0.841750
-0.102570
0.921440
-0.628220
0.973910
-0.110740
0.979760
-0.918270
0.428430
-0.159530
0.037580
-0.001790
0.174250
-0.061380
0.425410
-0.258710
0.864650
-0.590920
0.124400
-0.314770
0.371980
-0.252920
0.541980
-0.120740
0.293680
-0.592680
0.620020
-0.666700
0.473130
-0.746010
0.711410
-0.761560
0.442160
-0.614080
0.250970
-0.746600
0.884890
-0.622080
0.382240
-0.219710
0.021480
-0.020490
0.399070
-0.670210
0.842650
-0.368130
0.730440
-0.261920
0.136660
-0.518290
0.575280
-0.692770
0.754780
-0.286690
0.563610
-0.563210
0.128480
-0.777190
0.412150
-0.950410
0.214330
-0.068630
0.097670
0.093130
-0.864530
0.139470
-0.127730
0.301240
-0.554800
0.707600
-0.561960
0.638620
-0.971400
0.895180
-0.886070
0.469860
-0.887260
0.820430
-0.070440
0.868910
-0.505810
0.201550
-0.367560
0.929430
-0.733990
0.093900
0.237730
-0.815360
0.301530
-0.262350
0.063700
-0.458470
0.356340
-0.387240
0.209760
0.681360
-0.192540
0.480940
-0.193240
0.310530
-0.224400
0.691130
-0.426640
0.482770
-0.860470
0.262980
-0.884530
0.658450
-0.504840
0.121080
-0.954750
0.055500
-0.796930
0.467260
-0.340930
0.810980
-0.140640
0.951310
-0.200730
0.452640
-0.350450
0.865520
-0.254390
0.453760
-0.449790
0.104300
-0.601430
0.979740
-0.582030
0.146680
-0.687530
0.750450
-0.157220
0.578580
-0.203020
0.975990
-0.232330
0.749640
-0.327620
0.095580
-0.176190
0.368430
-0.516770
0.790620
-0.871610
0.273880
-0.728400
0.893940
-0.865930
0.657270
-0.213470
0.708990
-0.041400
0.027370
-0.388100
0.188130
-0.450810
0.806310
-0.076460
0.565070
-0.637930
0.288690
-0.979130
0.218480
-0.542090
0.749820
-0.550840
0.367190
-0.158450
-0.780840
0.817610
-0.941090
0.315740
-0.484460
0.566760
-0.632350
0.561310
-0.829050
0.310250
-0.053060
0.195250
-0.535910
0.468850
-0.804130
0.056760
-0.379900
0.753630
-0.649270
0.859410
-0.289150
0.438140
-0.520640
0.385440
-0.407070
0.603210
-0.898940
0.997280
-0.909700
0.586470
0.279210
-0.457930
0.170200
-0.480660
0.109230
-0.472950
0.599320
-0.656340
0.288210
-0.484950
0.132760
-0.685040
0.061440
-0.343240
0.213080
-0.264970
0.362990
-0.286750
0.767280
-0.416610
0.067310
-0.313320
0.519330
-0.185110
0.057530
0.845300
-0.470540
0.904440
-0.922850
0.479430
-0.685210
0.351230
-0.923810
0.515990
-0.665790
0.932540
-0.618660
0.500510
-0.266460
0.524150
-0.219460
0.396100
-0.795860
0.137080
-0.413740
0.852730
-0.155720
0.067730
-0.033750
0.786490
-0.992480
0.937650
-0.523630
0.789170
-0.762380
0.346250
-0.298330
0.511450
-0.613200
0.149910
-0.277960
0.410020
-0.750890
0.186810
-0.312890
0.671970
-0.541710
0.494340
-0.794790
0.875550
-0.297750
0.675840
-0.810920
0.260250
-0.133490
0.862530
-0.364670
0.593300
-0.639320
0.506660
-0.966190
0.656080
-0.701410
0.032560
-0.905420
0.560080
-0.331100
0.028000
-0.485410
0.295010
0.537830
-0.507190
0.384690
-0.875010
0.377710
-0.977240
0.980630
-0.359070
0.212810
-0.776770
0.447090
0.174120
-0.447100
0.918840
-0.327880
0.155300
-0.078750
0.247660
-0.296180
0.503050
-0.282050
0.776680
-0.115990
0.087160
-0.409780
0.685130
-0.763070
0.518740
-0.300200
0.111150
-0.956600
0.133230
-0.572070
0.195040
-0.105910
0.750320
-0.656400
0.865700
-0.852500
0.959680
-0.123900
0.122490
-0.065360
0.999230
-0.791390
0.850450
-0.944800
0.592150
-0.506090
0.231990
0.210470
-0.810190
0.516410
-0.909830
0.940180
-0.672370
0.178490
-0.377200
0.735790
-0.743890
0.606290
0.273080
-0.574540
0.484250
-0.422580
0.021530
-0.634070
0.392890
-0.957420
0.607250
-0.922670
0.446840
-0.483540
0.801860
-0.766350
0.313890
-0.012690
0.532550
-0.052840
0.853720
-0.404420
0.493010
-0.120140
0.057950
-0.337320
0.895020
-0.964650
0.375980
-0.313840
0.827720
-0.230140
0.313640
-0.335450
0.755780
-0.623700
0.234990
-0.111700
0.903220
-0.399340
0.680570
-0.939010
0.035710
-0.081300
0.091160
-0.821400
0.806790
-0.389670
0.655200
-0.081810
0.568130
-0.111090
0.697940
-0.020090
0.299530
-0.750920
0.667710
-0.909520
0.114690
-0.849190
0.518820
-0.753620
0.731330
-0.797690
0.467950
-0.575150
0.685220
-0.073460
0.751350
-0.930630
0.733230
-0.785330
0.763710
-0.057520
0.681030
-0.736810
0.804600
-0.669610
0.041270
-0.159960
0.031560
-0.941060
0.731550
-0.464770
0.988220
-0.894130
0.579360
-0.982020
0.860850
-0.518320
0.622420
-0.428990
0.263130
-0.277190
0.992310
-0.557670
0.461090
-0.339820
0.497100
-0.894640
0.783350
-0.208830
0.322740
-0.490420
0.899570
-0.651890
0.874600
-0.228800
0.493870
-0.937900
0.374220
-0.332530
0.568770
-0.074070
0.043440
-0.097400
0.967080
-0.515010
0.629550
-0.372070
0.493740
-0.474910
0.024970
-0.747010
0.378020
-0.656930
0.225800
-0.216360
0.450010
-0.601740
0.635450
-0.000640
0.940050
-0.014080
0.086860
-0.228780
0.064740
-0.132400
0.572320
-0.350050
0.933550
-0.903630
0.769350
-0.093030
0.894910
-0.736090
0.897080
-0.493080
0.151950
-0.234160
-0.399970
0.575840
-0.244270
0.178810
-0.289280
0.502580
-0.115800
0.563480
-0.309150
0.124420
-0.096970
0.082610
-0.707020
0.579690
-0.292160
0.361950
-0.019620
0.357480
-0.366460
0.812150
-0.301500
0.154080
-0.276870
0.182110
-0.814160
0.082530
-0.459540
0.685080
-0.336340
0.535070
-0.598680
0.170480
-0.489620
0.166430
-0.008500
0.606770
-0.559930
0.275060
-0.315380
0.493670
-0.086550
0.752730
-0.119210
0.932250
-0.884240
0.828610
-0.784100
0.054590
-0.705530
0.403710
-0.962750
0.766470
-0.707150
0.823950
-0.921540
0.376350
0.356510
-0.179070
0.761760
-0.173220
0.703220
-0.975260
0.042980
-0.332090
0.463250
-0.234790
0.662040
-0.438210
0.566360
-0.120170
0.215730
-0.249950
0.000300
-0.405630
0.913460
-0.167080
0.652120
-0.814470
0.365290
-0.338190
0.845390
-0.674790
0.291290
-0.947390
0.859900
-0.619390
0.811950
-0.676640
0.466000
-0.383680
0.801920
-0.550750
0.079030
-0.685030
0.870780
-0.103850
0.498740
-0.381870
0.894480
-0.269240
0.403930
-0.545010
0.433990
-0.918420
0.467830
-0.227290
0.132080
-0.336650
0.132570
-0.306320
0.338760
-0.244540
0.563630
-0.477360
0.311630
-0.941400
0.777390
-0.449670
0.222590
0.622170
-0.993350
0.933710
-0.914340
0.685020
-0.483990
0.698270
-0.027340
0.179300
-0.505520
0.674470
-0.025730
0.422400
-0.221960
0.167900
-0.276620
0.703000
-0.540430
0.832390
-0.175420
0.951070
-0.211210
0.550450
-0.516080
0.931030
-0.786740
0.634170
-0.146190
0.345210
-0.327180
0.877190
-0.598850
0.010450
-0.124320
-0.636620
0.394250
-0.161610
0.995730
-0.462360
0.428940
-0.177520
0.622560
-0.236910
0.038500
-0.744290
0.471750
-0.615580
0.951630
-0.303020
0.586930
-0.340290
0.334880
-0.265050
0.900440
-0.683650
0.967330
-0.870510
0.773300
-0.995820
0.910700
-0.689840
0.830780
-0.730520
0.269030
-0.371520
0.671610
-0.225410
0.974920
-0.688550
0.123760
-0.577800
0.534810
-0.710550
0.407380
-0.670170
0.665740
-0.573670
0.575910
-0.788650
0.510030
-0.857800
0.732020
-0.156200
0.149270
-0.474710
0.290100
-0.631880
0.239230
-0.798430
0.922530
-0.296250
0.025090
-0.283000
0.091010
-0.801110
0.953430
-0.716150
0.788800
-0.831770
0.530910
-0.536610
0.892070
-0.546110
0.358630
-0.886340
0.971440
-0.630920
0.328910
-0.617650
0.548050
-0.413660
0.530950
-0.502160
0.906180
-0.291550
0.961010
-0.988820
0.431560
-0.408280
0.693110
-0.412860
0.431100
-0.440360
0.486680
-0.257000
0.484740
-0.195220
0.506710
-0.574860
0.988930
-0.326630
0.315960
-0.619380
0.253530
-0.038630
0.014640
-0.724560
0.303880
-0.069380
0.448970
-0.337470
0.416670
-0.091490
0.240310
-0.113980
0.410680
-0.892360
0.935210
-0.097240
0.483100
-0.873640
0.997060
-0.964090
0.598370
-0.997890
0.672900
-0.383090
0.966360
-0.501310
0.456720
-0.387110
0.954830
-0.010730
0.751640
-0.765530
0.704310
-0.126520
0.968280
-0.285950
0.098220
-0.135320
0.444640
-0.481160
0.960810
-0.582620
0.248220
-0.492560
0.083130
-0.522900
0.025150
-0.002700
0.837810
-0.419190
0.876820
-0.257940
0.881960
-0.770440
0.060680
0.465960
-0.398460
0.506250
-0.919800
0.543720
-0.523360
0.907420
-0.890440
0.073280
-0.731850
0.650000
-0.900480
0.602440
-0.235410
0.785510
-0.136770
0.693400
-0.621750
0.503630
-0.160130
0.154480
-0.440740
0.581090
-0.473810
-0.094750
0.434110
-0.036470
0.902540
-0.830510
0.369980
-0.417450
0.089520
-0.447890
0.891290
-0.868960
0.563020
-0.597960
0.369780
-0.615200
0.975750
-0.717880
0.906600
-0.289120
-0.061500
0.468410
-0.896350
0.003530
-0.048660
0.821480
-0.184830
0.245180
-0.756790
0.056600
-0.042420
0.034720
-0.631860
0.796370
-0.706400
0.330820
-0.283610
0.662850
-0.136400
0.308280
-0.588520
0.528210
-0.669490
0.516390
-0.562970
0.669300
-0.798580
0.315290
-0.916160
0.345180
-0.566510
0.678820
-0.109520
0.363010
-0.884390
0.249410
-0.617470
0.293170
0.135760
-0.843370
0.336710
-0.909940
0.653730
-0.647120
0.112360
-0.616060
0.449080
-0.553740
0.955900
-0.436150
0.571940
-0.519630
0.722990
-0.782540
0.210560
-0.345960
0.578170
-0.820340
0.890850
-0.248190
0.775530
-0.000270
0.638970
-0.571970
0.950640
-0.253110
0.432170
0.382260
-0.701130
0.023120
-0.054600
0.092390
-0.930410
0.514210
-0.483590
0.544120
-0.280910
0.290170
-0.775280
0.004610
-0.695590
0.601920
-0.006340
0.066490
-0.857110
0.709380
-0.101800
0.347160
-0.140330
0.367190
-0.803320
0.869480
-0.296230
0.012230
-0.485980
0.168520
-0.271200
0.986970
-0.831250
0.465040
-0.338500
-0.246470
0.617340
-0.994410
0.802140
-0.842360
0.696100
-0.045380
0.040220
-0.552020
0.268400
-0.064170
0.557980
-0.409410
0.874840
-0.834140
0.858390
-0.094540
0.338670
-0.823550
0.897990
-0.289700
0.475370
-0.674320
0.802560
-0.862540
0.971100
-0.352570
0.630000
-0.668290
0.532580
-0.725640
0.587750
-0.526640
0.730680
-0.698750
0.807180
-0.429820
0.250940
-0.827930
0.651070
-0.144560
0.554460
-0.754370
0.138100
-0.351330
-0.098770
0.047340
-0.178240
0.649230
-0.333860
0.182280
-0.672230
0.403450
-0.327830
0.954290
-0.882420
0.639570
-0.378450
0.967370
-0.000150
0.847810
-0.278000
0.521640
-0.074690
0.925480
-0.682690
0.682990
-0.382070
0.826310
-0.157670
0.557560
-0.156630
0.350750
-0.656650
0.418500
-0.910310
0.370080
-0.886390
0.684260
-0.294120
0.147240
-0.771650
0.558020
-0.968270
0.983150
-0.448210
0.985280
-0.047080
0.498330
-0.032920
0.850070
-0.615210
0.940190
-0.764500
0.872360
-0.096070
0.132530
-0.295740
0.419010
-0.488420
0.805450
-0.173160
0.075930
-0.616590
0.110540
-0.199860
0.436690
-0.603570
0.968820
-0.894550
0.369390
-0.703300
0.990480
-0.073230
0.119830
-0.956420
0.848040
-0.691380
0.441130
-0.932470
0.647880
-0.802420
0.029060
-0.204860
-0.345940
0.549370
-0.497830
0.724160
-0.944070
0.946090
-0.008580
0.379660
-0.262670
0.692150
-0.481400
0.504020
-0.923590
0.042420
-0.871200
0.997240
-0.040180
0.684050
-0.964120
0.966980
-0.421760
0.386400
-0.755740
0.904650
-0.648130
0.397140
-0.864120
0.421250
-0.200470
0.346570
-0.523380
-0.001460
0.383740
-0.670480
0.397610
-0.052690
0.790370
-0.597620
0.405540
-0.776600
0.465920
-0.890660
0.052390
-0.532960
0.523560
-0.625820
0.232270
-0.625900
0.310770
-0.371870
0.397750
-0.031200
0.193150
-0.676910
0.759930
-0.622170
0.687770
-0.904070
0.011830
-0.789060
0.739030
-0.830630
0.215800
-0.010920
0.325490
-0.168530
0.542880
-0.260630
0.663520
-0.562180
0.864750
-0.018660
0.442080
-0.494680
0.975970
-0.000320
0.608250
-0.898280
0.404870
-0.097280
-0.507550
0.772800
-0.484420
0.643240
-0.083800
0.651980
-0.841690
0.116020
-0.550090
0.352730
-0.954600
0.436120
-0.365550
0.185080
-0.369930
0.570790
-0.346030
0.793510
-0.474620
0.649670
-0.364600
0.788780
-0.929530
0.953230
-0.422180
0.540920
-0.411180
0.073140
-0.383810
0.800810
-0.788690
0.167400
-0.072410
-0.519290
0.300080
-0.166370
0.866730
-0.651230
0.782780
-0.461590
0.564910
-0.672270
0.424800
-0.424540
0.920280
-0.861780
0.744790
-0.198910
-0.014700
0.968140
-0.010360
0.828780
-0.480100
0.818970
-0.399530
0.442200
-0.289610
0.038290
-0.370420
0.649150
-0.816080
0.753530
-0.076470
0.812290
-0.409240
0.746350
-0.543860
0.030730
-0.894710
0.628430
-0.932030
0.694120
-0.964580
0.988020
-0.953040
0.424120
-0.601260
0.392280
-0.556680
0.339700
-0.693420
0.893510
-0.003690
0.478180
-0.398640
0.875670
-0.054510
0.728540
-0.295390
0.404270
-0.186130
0.173580
-0.809580
0.296760
-0.755460
0.400390
-0.696610
0.904650
-0.240380
0.143890
-0.327600
0.563920
-0.646240
0.041560
-0.165430
0.784410
-0.202900
0.826470
-0.453890
0.781800
-0.168280
0.783500
-0.585490
0.760510
-0.218700
0.592350
-0.727730
0.024730
0.800000
-0.307700
0.523630
-0.741470
0.301020
-0.225070
0.105610
-0.045640
0.846010
-0.951680
0.396770
-0.467840
0.617160
-0.733200
0.059100
-0.957570
0.936860
-0.856010
0.480110
-0.664380
0.409240
-0.006210
0.537970
-0.501660
0.422590
-0.613020
0.542110
0.407420
-0.114140
0.075400
-0.647250
0.060850
-0.936490
0.231080
-0.861030
0.753440
-0.136920
0.546010
-0.955080
0.251580
-0.799330
0.110730
-0.317220
0.130250
-0.921520
0.757470
-0.092490
0.259930
-0.616490
0.235810
-0.344550
0.143880
-0.090400
0.976130
-0.687840
0.874970
-0.114330
0.256360
-0.586740
0.638830
-0.868700
0.755890
-0.505060
0.760190
-0.333990
0.010260
-0.467710
0.405080
-0.664500
0.172440
-0.826910
0.159020
-0.794830
0.181410
-0.524170
0.352190
-0.380670
0.228740
-0.580020
0.848300
-0.080230
0.045970
-0.135830
0.817600
-0.297690
0.647860
-0.508850
0.942830
-0.472070
0.952880
-0.320780
0.364790
-0.336490
0.663040
-0.041990
0.616020
-0.842450
0.855120
-0.130350
0.476380
-0.139590
0.506220
-0.621400
0.608750
-0.132630
0.077770
-0.558240
0.431400
-0.217330
0.331130
-0.164210
0.949160
-0.495160
0.074530
-0.415020
0.535570
-0.006950
0.803700
-0.964510
0.185590
-0.850540
0.189810
-0.705960
0.054990
-0.427340
0.491110
-0.921390
0.674940
-0.138220
0.700650
-0.878450
0.996170
-0.079020
0.630470
-0.674280
0.189040
-0.203570
0.384830
-0.004750
0.285150
-0.577420
0.044850
-0.130300
0.439220
-0.566230
0.959390
-0.693370
0.710750
-0.612010
0.584050
-0.867130
0.612590
-0.594620
0.351880
-0.813110
0.175330
-0.775220
0.854530
-0.952400
0.094110
-0.862340
0.572530
-0.181430
0.473680
-0.440110
0.810390
-0.738580
0.163200
0.591550
-0.076260
0.345430
-0.619270
0.760620
-0.104100
0.383050
-0.488520
0.158260
-0.125980
0.329380
-0.039870
0.490710
-0.381780
0.108650
-0.049020
0.552900
-0.291300
0.456760
-0.137350
0.690570
-0.674360
0.631390
-0.952390
0.866440
-0.773330
0.636610
-0.163180
0.756320
-0.603400
0.837400
-0.127040
0.731550
-0.382120
0.314460
-0.040750
0.690400
-0.133200
0.225820
-0.025840
0.625070
-0.349840
0.678670
-0.305440
0.042090
-0.615540
0.451320
-0.409800
0.868160
-0.170580
0.074710
0.289520
-0.132190
0.330150
-0.011420
0.283830
-0.872990
0.513040
-0.652990
0.542250
-0.766310
0.237840
-0.257680
0.278900
-0.464480
0.215160
-0.079680
0.778390
-0.698890
0.698010
-0.171360
0.019580
-0.380240
0.868700
-0.892870
0.968970
-0.875630
0.292040
-0.099560
0.772530
-0.879970
0.274210
-0.336630
0.394150
-0.300050
0.142120
-0.952880
0.851360
-0.416620
0.399240
-0.699140
0.742540
-0.841600
0.915100
-0.491360
0.164880
-0.251280
0.233860
-0.141870
0.986220
-0.978140
0.246170
-0.922150
0.082150
-0.053670
0.013790
-0.658100
0.826380
-0.546440
0.920490
-0.063490
0.373490
-0.050070
0.948190
-0.767070
0.075900
-0.481110
0.831050
-0.305600
0.356270
-0.239530
0.510790
-0.656020
0.198290
-0.596370
0.401810
-0.595160
0.577200
-0.232480
0.806560
-0.544190
-0.082580
0.713700
-0.393680
0.786330
-0.045840
0.927010
-0.771620
0.480330
-0.092680
0.094130
-0.931150
0.829150
-0.003920
0.339550
-0.920580
0.429020
-0.397790
0.076610
-0.240010
0.046220
-0.812560
0.570450
-0.022670
0.218340
-0.045980
0.870990
-0.101910
0.477810
-0.675200
0.548720
-0.127550
0.058660
0.209270
-0.585350
0.802020
-0.125650
0.971870
-0.357130
0.216560
-0.605840
0.931300
-0.366640
0.182430
-0.144880
0.967960
-0.623040
0.828320
-0.215830
0.224610
-0.309940
0.518100
-0.745780
0.879790
-0.546030
0.420180
-0.906550
0.844180
-0.557150
0.458860
-0.820100
0.305050
-0.688790
0.131070
-0.754010
0.742610
-0.508360
0.416850
-0.545370
0.351440
-0.376280
0.969010
-0.902480
0.927770
-0.398390
0.169000
-0.166680
-0.397200
0.270320
-0.025430
0.551040
-0.057540
0.913430
-0.950060
0.780190
-0.620340
0.401140
-0.643090
0.121480
-0.889790
0.108400
-0.908670
0.777430
-0.363360
0.718230
-0.224030
0.172830
-0.835970
0.402370
-0.479740
0.199350
-0.357070
0.120530
-0.195170
0.152310
-0.581090
0.777360
-0.163920
0.840160
-0.199090
0.045730
-0.684690
0.301880
-0.929600
0.647160
-0.603760
0.154740
-0.394100
0.539180
-0.547490
0.336430
-0.031430
0.058790
0.313020
-0.759840
0.761300
-0.306090
0.549440
-0.565080
0.993790
-0.055540
0.844350
-0.449620
0.867650
-0.283440
0.096210
-0.897120
0.549550
-0.166750
0.526680
-0.623390
0.941580
-0.830030
0.719030
-0.329490
0.211250
-0.541670
0.657610
-0.654320
0.629150
-0.721910
0.263280
-0.308710
0.871830
-0.675260
0.991310
-0.321490
0.489810
0.264580
-0.760900
0.906400
-0.860490
0.860870
-0.638930
0.430890
-0.188470
0.948650
-0.747510
0.631940
-0.378340
0.319590
-0.809370
0.548710
-0.503880
0.990770
-0.328620
0.551980
-0.842220
0.262200
-0.981930
0.002130
-0.813550
0.957010
-0.738850
0.642960
-0.883730
0.404550
-0.901000
0.842660
-0.771880
0.921610
-0.918720
0.095000
-0.688840
0.624740
-0.043090
0.133310
-0.166140
0.634450
-0.469230
0.243360
-0.158560
0.854300
-0.163390
0.968270
-0.384710
0.947340
-0.257950
0.301790
-0.883730
0.866690
-0.844500
0.419230
-0.992310
0.090850
-0.572260
0.075850
-0.023130
0.645700
-0.724630
0.216410
-0.142920
0.095620
-0.321190
0.548750
-0.924500
0.673260
-0.634120
0.918330
-0.428930
0.840320
-0.728900
0.009170
-0.266500
0.589890
-0.348820
0.680940
-0.385170
0.999990
-0.887160
0.269530
-0.769990
0.118380
-0.541740
0.412330
-0.929370
0.266480
-0.525400
0.552260
-0.135570
0.993430
-0.637310
0.725600
-0.890370
0.840400
-0.183690
-0.337910
0.597060
-0.587010
0.197450
-0.153300
0.099330
-0.205640
0.052140
-0.615260
0.285180
-0.704850
0.327730
-0.961480
0.431230
-0.123510
-0.085750
0.108140
-0.557600
0.132940
-0.491650
0.326700
-0.575220
0.759600
-0.791870
0.294420
-0.154210
0.081830
-0.799930
0.827860
-0.070470
0.321720
-0.343220
0.525250
-0.990090
0.014930
-0.751650
0.520110
-0.231490
0.805870
-0.428930
0.158530
-0.087710
0.676990
-0.725130
0.722600
-0.450930
0.004110
-0.815870
0.667220
-0.294910
0.056530
-0.513510
0.913520
-0.523870
0.531440
-0.421150
0.751240
-0.120870
0.786530
-0.775360
0.629660
-0.979040
0.690620
-0.545460
0.877900
-0.487820
0.875710
-0.154640
0.461240
-0.890400
0.816580
-0.486500
0.887490
-0.997180
0.764120
-0.086910
0.610290
-0.504200
0.185810
-0.932630
0.371670
-0.048370
-0.032090
0.334540
-0.488380
0.725440
-0.816000
0.098410
-0.212440
0.656850
-0.779350
0.381440
-0.366070
0.887700
-0.941950
0.396640
-0.295590
0.688930
-0.914650
0.569500
-0.376200
0.034450
-0.306640
0.798420
-0.119370
0.529850
-0.889400
0.702300
-0.552450
0.953600
-0.444980
0.174210
-0.798530
0.643110
-0.049280
0.901630
-0.947420
0.628730
-0.660670
0.433270
-0.701290
0.411760
-0.767470
0.643820
0.159800
-0.368110
0.930490
-0.835570
0.798270
-0.926080
0.304310
-0.683080
0.629320
-0.055360
0.736220
-0.068840
0.669550
-0.424670
0.223590
-0.012970
0.154790
0.280910
-0.707750
0.316630
-0.139290
0.867040
-0.390000
0.744050
-0.730560
0.183670
-0.717950
0.452450
-0.117460
0.868650
-0.897620
0.172950
-0.382110
0.870320
-0.707670
0.080310
-0.347810
0.308440
0.427100
-0.368760
0.012900
-0.564970
0.917910
-0.791760
0.760140
-0.985770
0.928680
-0.493680
0.937490
-0.813140
0.654890
-0.757460
0.678900
-0.307120
0.281030
-0.391770
0.371530
-0.289800
0.718230
-0.877760
0.915340
-0.917130
0.091380
-0.152760
0.578170
-0.836880
0.701530
-0.292450
0.416850
-0.731620
0.103600
-0.356520
0.898500
-0.019240
0.312920
-0.905600
0.525620
-0.192320
0.665450
-0.411460
0.122870
-0.884430
0.326590
-0.940670
0.191640
-0.938240
0.823130
-0.445210
0.827450
-0.047160
0.068640
-0.089130
0.488200
-0.158410
0.001060
-0.369190
0.099630
-0.361550
0.498210
-0.016500
0.591780
-0.284550
0.039330
-0.326020
0.889630
-0.452840
0.581320
-0.358510
0.770660
-0.721070
0.935400
-0.004030
0.101700
-0.008570
-0.855960
0.995430
-0.123160
0.424400
-0.979200
0.686800
-0.248760
0.887380
-0.858780
0.753960
-0.640030
0.109890
-0.997150
0.817580
-0.888020
0.756930
-0.262740
0.464290
-0.831850
0.761280
-0.495270
0.589170
-0.351440
-0.463920
0.765450
-0.027800
0.091500
-0.549970
0.906310
-0.293550
0.503310
0.178050
-0.370590
0.851530
-0.044770
0.355300
-0.579700
0.270830
-0.697470
0.180240
-0.040710
0.303690
-0.188220
0.846670
-0.351510
0.472590
-0.427340
0.482840
-0.279770
0.747030
-0.087960
0.898940
-0.039580
0.990890
-0.191620
0.644260
-0.994710
0.860230
-0.114620
0.568380
-0.018170
0.122470
-0.723900
0.703640
-0.285670
0.432350
-0.119880
0.870330
-0.027550
0.606130
-0.809150
0.785140
-0.017470
0.767110
-0.094730
0.190310
-0.366500
0.734930
-0.251700
0.042320
-0.913930
0.187810
-0.916210
0.810150
-0.676080
0.333350
-0.546820
0.255810
-0.297210
0.324580
-0.712680
0.900810
-0.351620
0.157930
-0.234390
0.799460
-0.437390
0.726080
-0.705210
0.923690
-0.465780
0.215600
-0.766440
0.133630
-0.292080
-0.488760
0.306370
-0.247460
0.563200
-0.047660
0.614420
-0.246770
0.808080
-0.637130
0.947380
-0.000440
0.195690
-0.731600
0.200450
-0.004580
0.061340
-0.441240
0.194870
-0.844140
0.703550
-0.992700
0.430840
-0.951480
0.336920
-0.743990
0.347200
-0.246140
0.243420
-0.153120
0.739590
-0.460380
0.002450
0.167750
-0.648410
0.757640
-0.230590
0.829910
-0.486250
0.774460
-0.259410
0.392170
-0.077210
0.138650
-0.481890
0.694970
-0.959940
0.322930
-0.609680
0.376960
-0.793570
0.860880
-0.174200
0.693530
-0.878640
0.936170
-0.090870
-0.379670
0.284110
-0.206960
0.686390
-0.371600
0.722830
-0.646640
0.162630
-0.828420
0.760960
-0.379620
0.880130
-0.146590
0.670740
-0.890200
0.286300
-0.082160
0.219240
-0.632980
0.485710
-0.641430
0.709160
-0.742910
0.529400
-0.521880
0.459530
-0.983160
0.772330
-0.534710
0.880960
-0.179290
0.690740
-0.303940
0.453850
-0.731810
0.141830
-0.892720
0.079530
-0.392420
0.064390
-0.606100
0.100440
-0.895230
0.770780
-0.068530
0.744370
-0.555290
0.815540
-0.949030
0.811560
-0.176230
0.769530
-0.408850
0.915510
-0.881700
0.537780
-0.239190
0.271750
-0.177170
0.737250
-0.068350
0.096350
-0.581760
0.876770
-0.338940
-0.168250
0.552940
-0.427950
0.805660
-0.782900
0.763530
-0.122600
0.335410
-0.112180
0.559270
-0.385150
-0.061950
0.980790
-0.308670
0.463970
-0.542720
0.790380
-0.086560
0.589610
-0.871660
0.648340
-0.764330
0.851490
-0.261270
0.946400
-0.709470
0.228210
-0.528410
0.639560
-0.596160
0.729390
-0.301460
0.496500
-0.602410
0.352730
-0.009130
0.874830
-0.727330
0.687010
-0.810910
0.933400
-0.998760
0.997990
-0.789380
0.639830
-0.584630
0.176780
-0.682870
0.914860
-0.704390
-0.105800
0.622210
-0.532040
0.472220
-0.144590
0.323080
-0.700280
0.436070
-0.179960
0.786250
-0.513170
-0.061370
0.545620
-0.968200
0.989730
-0.623800
0.016690
-0.974110
0.581360
-0.504030
0.950870
-0.434410
0.236270
-0.002620
0.316510
-0.329200
0.861750
-0.914590
0.768310
-0.172730
0.665740
-0.785880
0.843830
-0.181150
0.076170
-0.040820
0.416800
-0.730640
0.558360
-0.788500
0.102140
-0.437590
0.193370
-0.817070
0.052060
-0.163760
0.066980
-0.466320
0.146890
-0.085900
0.121610
-0.202910
0.294070
-0.115470
0.922260
-0.311930
0.967130
-0.048940
0.617070
-0.728160
0.426100
-0.446190
0.745720
-0.496640
0.164350
-0.073870
0.188560
-0.037750
0.556570
-0.310190
0.041520
-0.839210
0.307160
-0.882310
0.567530
-0.640990
0.392340
-0.322970
0.056200
-0.841530
0.605240
-0.662760
0.343790
-0.080600
0.885200
-0.554810
0.596080
-0.756040
0.787600
-0.728660
0.460210
-0.924980
0.913200
-0.807330
0.386690
-0.368710
0.229560
-0.747880
0.370300
-0.799290
0.062420
-0.339610
0.331920
-0.889590
0.350680
-0.690500
0.187600
-0.082240
0.865590
-0.074420
0.397160
-0.887580
0.787150
-0.439040
0.313640
-0.542440
0.036310
-0.974210
0.348430
-0.680960
0.249730
-0.323800
0.367240
-0.464640
0.431720
-0.946730
0.576280
-0.948350
0.442090
-0.917000
0.941970
-0.688980
0.067000
-0.723930
0.949730
-0.166090
0.616100
-0.217840
0.853290
-0.853930
0.793980
-0.808060
0.894920
-0.123700
0.188440
-0.320840
0.893160
-0.243210
0.176760
-0.080390
0.849740
-0.942770
0.837680
-0.573770
0.470850
-0.963930
0.115880
-0.350040
-0.049930
0.625770
-0.870040
0.048850
-0.338130
0.840710
-0.956510
0.519990
-0.829140
0.953560
-0.050530
0.133140
-0.840160
0.419850
-0.712010
0.073960
-0.093580
0.451060
-0.817520
0.629670
-0.931170
0.085250
-0.362120
0.544230
-0.358390
0.440920
-0.900460
0.585540
-0.921880
0.456950
-0.055630
0.226110
-0.715730
0.882160
-0.890660
0.497430
-0.057360
0.332420
-0.647800
0.141470
-0.228020
0.980750
-0.099960
0.032210
-0.916450
0.745060
-0.529160
0.583750
-0.289280
0.692990
-0.655740
0.422210
-0.129360
0.953310
-0.874850
0.251200
0.105310
-0.284380
0.046140
-0.219360
0.922580
-0.897840
0.940820
-0.272910
0.736160
-0.970950
0.632990
-0.071200
0.637560
-0.757730
0.973460
-0.223410
0.223710
-0.629340
0.542800
-0.709880
0.362000
-0.176470
0.541760
-0.879950
0.725340
-0.400130
0.691420
-0.638810
0.498710
-0.118100
0.930050
-0.606690
0.072690
-0.456370
0.258290
-0.809040
0.888070
-0.573100
0.443880
-0.547730
0.046470
-0.428340
0.322820
-0.592060
0.995990
-0.541000
0.974990
-0.893410
0.361240
-0.588530
0.720610
-0.057260
0.189830
-0.496150
0.834910
-0.079450
0.643080
-0.120440
0.432070
-0.373470
0.150860
-0.600530
0.823120
-0.200950
-0.792400
0.726110
-0.640450
0.325470
-0.809460
0.507730
-0.535070
0.714370
-0.219890
0.894360
-0.920090
0.342490
-0.564450
0.732350
-0.008970
0.711970
-0.252400
0.084790
-0.260210
0.211280
-0.422490
0.972940
-0.489020
0.420050
-0.206790
0.840960
-0.987150
0.332360
-0.659540
0.536730
-0.135580
0.146030
-0.270350
-0.366270
0.760520
-0.922130
0.917860
-0.380220
0.809160
-0.986680
0.609240
-0.846150
0.884650
-0.628940
0.100690
-0.716270
0.667900
-0.970920
0.557850
-0.898140
0.233020
-0.498070
0.398510
-0.082160
0.049490
-0.920000
0.693300
-0.689120
0.599820
-0.289660
0.120440
-0.850960
0.119990
-0.491510
0.163120
-0.388530
0.363450
-0.052000
0.175760
-0.753560
0.288370
-0.998920
0.406300
-0.076470
0.742210
-0.315880
0.891790
-0.680440
0.190470
-0.048270
0.780290
-0.936490
0.085760
-0.560470
0.850570
-0.482450
0.721680
-0.520110
0.442640
-0.738890
0.763980
-0.046980
0.137990
-0.939100
0.892530
-0.608680
0.397480
-0.229250
0.760160
-0.296770
0.188840
-0.734950
0.093580
-0.979920
0.951360
-0.582280
0.911190
-0.528840
0.076890
-0.490550
0.021500
-0.523660
0.429840
-0.721390
0.682400
-0.671220
0.102780
-0.511060
0.204170
-0.617030
0.048130
-0.488490
0.975170
-0.232170
0.716910
-0.912130
0.418840
-0.993700
0.982630
-0.309260
0.625220
-0.244600
0.498130
-0.536760
0.551400
-0.275960
0.579840
-0.649220
0.098190
-0.435660
0.852330
-0.943820
0.184130
-0.298110
0.708790
-0.601150
0.536360
-0.633600
0.116700
-0.990340
0.987400
-0.951490
0.549860
-0.547750
0.220650
-0.603740
0.570100
-0.071410
0.528130
-0.915240
0.870070
-0.880800
0.632440
-0.397970
0.102280
-0.228800
0.197080
-0.483030
0.581250
-0.716570
0.161210
-0.642370
0.603180
-0.185800
0.434020
-0.926580
0.009710
-0.532610
0.557760
-0.560460
0.398270
-0.817460
0.694280
-0.952220
0.834180
-0.604620
0.665300
-0.199340
-0.199120
0.705370
-0.625170
0.168890
-0.692250
0.599670
-0.490110
0.563390
-0.295240
0.945240
-0.845720
0.448160
-0.683570
0.469080
-0.605850
0.299250
-0.921000
0.424630
-0.584760
0.739240
-0.179980
0.761070
-0.234880
0.140130
0.293980
-0.330450
0.232990
-0.063500
0.433480
-0.850930
0.940450
-0.388340
0.279630
-0.148590
0.711610
-0.309570
0.679350
-0.294550
0.270300
-0.988180
0.894780
-0.183900
0.122400
0.346010
-0.242360
0.245890
-0.294550
0.116030
-0.300860
0.546040
-0.302830
0.359430
-0.401850
0.436570
-0.068430
0.864800
-0.571200
0.902020
-0.185630
0.848480
-0.984880
0.293160
-0.881680
0.409890
-0.079380
0.595770
-0.158740
0.828040
-0.626620
0.941910
-0.858070
0.203250
-0.769760
0.448580
-0.558100
0.921110
-0.805500
0.054910
-0.672380
0.965550
-0.829790
-0.013580
0.350290
-0.260230
0.913960
-0.561080
0.673440
-0.289500
0.738580
-0.292320
0.248220
-0.684370
0.256310
-0.775940
0.498930
-0.281470
0.492030
-0.837990
0.416160
-0.236500
0.127350
-0.375540
0.151070
-0.151340
0.790310
-0.362280
0.312920
-0.566030
0.998200
-0.615940
-0.085190
0.108310
-0.162910
0.255300
-0.185710
0.699920
-0.183510
0.727630
-0.008540
0.298710
-0.073990
0.078600
-0.774190
0.376110
-0.382450
0.448940
-0.306050
0.015430
-0.117230
0.464390
-0.604720
0.971910
-0.775230
0.644710
-0.940940
0.953170
-0.439150
0.607670
-0.878870
0.865840
-0.697090
0.162130
-0.500630
0.254160
0.363180
-0.357590
0.159730
-0.002090
0.698190
-0.743570
0.783790
-0.335810
0.604210
-0.668380
0.226360
-0.635770
0.510610
-0.344750
0.203140
-0.297680
0.636350
-0.459900
0.357890
-0.647590
0.122960
-0.797280
0.599840
-0.462380
0.433480
-0.786050
0.416050
-0.084340
0.616920
-0.342560
0.930310
-0.456950
0.187630
-0.886380
0.693560
-0.123380
0.374320
-0.202250
0.853320
-0.997880
0.552340
-0.306710
0.444810
-0.796140
0.697370
-0.650030
0.471790
0.177440
-0.511300
0.693580
-0.365810
0.769260
-0.097090
0.051380
-0.933800
0.573370
-0.951820
0.919190
-0.919340
0.767150
-0.045150
0.566790
-0.641480
0.566960
-0.249650
0.932640
-0.314710
0.141020
-0.298690
0.856250
-0.012880
0.363630
-0.020280
0.438780
-0.349090
0.719170
-0.605560
0.289820
-0.583940
0.731180
-0.502830
0.060850
-0.029120
0.012270
-0.460480
0.445760
-0.492840
0.991170
-0.024090
0.874160
-0.489370
0.429560
-0.194060
0.066420
-0.162490
0.295020
-0.590760
0.009770
-0.498190
0.303640
-0.476800
0.552730
-0.169320
0.279860
-0.479720
0.916410
-0.519980
0.488800
-0.383350
0.752740
-0.456040
0.446520
-0.519750
0.639580
-0.596000
0.444040
-0.135420
0.576550
-0.509020
0.156900
-0.959320
0.988380
-0.193240
-0.152700
0.702070
-0.199900
0.924060
-0.868130
0.814220
-0.822800
0.202460
-0.465130
0.157280
-0.638680
0.142700
-0.066290
0.108710
-0.979910
0.977150
-0.017330
0.701380
-0.665500
0.632480
-0.054240
0.440640
-0.196380
0.101030
-0.749160
0.146300
-0.010420
0.431670
-0.632140
0.978710
-0.502090
0.500630
-0.116890
-0.553590
0.951200
-0.003890
0.794260
-0.391880
0.797420
-0.574020
0.039940
-0.930600
0.982990
-0.515950
0.039510
-0.665330
0.897600
-0.523500
0.834270
-0.206140
0.603890
-0.635090
0.828240
-0.505150
0.265080
-0.887250
0.575020
-0.479090
0.490920
-0.279980
0.019010
-0.849640
0.065440
-0.076360
0.401850
-0.570380
0.113260
-0.373890
0.037410
-0.599590
0.464340
-0.483000
0.925080
-0.419760
0.395730
-0.396050
0.004300
-0.902580
0.307450
-0.404730
-0.102820
0.875620
-0.360040
0.003280
-0.087080
0.739060
-0.580750
0.696770
-0.246860
0.599590
-0.554190
0.990310
-0.355860
0.540940
-0.910870
0.481660
-0.827690
0.621200
-0.095820
0.745490
-0.110090
0.898870
-0.828400
0.781630
-0.203810
0.744730
-0.155910
0.229050
-0.612860
0.413670
-0.202360
0.369760
-0.442170
-0.077120
0.377200
-0.543570
0.410300
-0.061530
0.844310
-0.305900
0.870810
-0.543080
0.967880
-0.392420
0.312700
-0.174480
0.919270
-0.118180
0.103480
0.864660
-0.875020
0.703800
-0.183900
0.002870
-0.402400
0.844600
-0.134210
0.172500
-0.542920
0.192070
-0.008150
0.761680
-0.838150
0.650440
-0.059680
0.806030
-0.349890
0.380620
-0.275330
0.903760
-0.835790
0.529910
-0.494490
0.482510
-0.435550
0.859670
-0.460930
0.853210
-0.409890
0.749590
-0.443010
0.336520
-0.340210
0.818390
-0.217030
0.092700
-0.147210
0.875750
-0.171140
0.575410
-0.761540
0.935120
-0.744700
0.041460
-0.796920
0.197310
-0.893920
0.798570
-0.038950
0.182840
-0.510440
0.074360
-0.720600
0.762160
-0.927590
0.712000
-0.914900
0.741370
-0.195260
0.977060
-0.145340
0.928840
-0.514330
0.274840
-0.493540
0.085890
-0.813620
0.838350
-0.038350
-0.269350
0.792980
-0.534450
0.835470
-0.060540
0.166150
-0.211790
0.057800
-0.009480
0.406250
-0.874090
0.491250
-0.224450
0.283550
-0.241120
0.177980
-0.033990
0.514100
-0.178480
0.587720
-0.593930
0.131900
-0.633560
0.056150
-0.669170
0.211280
0.196140
-0.310280
0.385680
-0.032930
0.093780
-0.030270
0.261350
-0.122380
0.875820
-0.012740
0.558750
-0.513830
0.765410
-0.564740
0.675470
-0.992690
0.122940
-0.044460
0.801930
-0.894420
0.154350
-0.770840
0.006650
-0.351200
0.495080
-0.585480
0.561610
-0.249450
0.124420
-0.238750
0.495110
-0.081850
0.720680
-0.589380
0.345270
-0.850330
0.610520
-0.944510
0.954770
-0.422480
0.827560
-0.492060
0.664500
-0.491410
0.650430
-0.445260
0.626670
-0.150840
0.503030
-0.883700
0.112440
-0.692460
0.540760
-0.620990
0.666960
-0.802790
0.620390
-0.918080
0.565940
-0.074790
0.017620
-0.489690
0.442570
-0.763350
0.128140
-0.464630
0.127670
-0.169660
0.785680
-0.628130
0.483250
-0.613600
0.089980
-0.229570
0.735790
-0.357190
0.965940
-0.098570
0.176340
-0.734580
0.165980
-0.383310
0.714440
-0.878650
0.827810
-0.322970
0.397500
-0.812520
0.348090
-0.355040
0.158740
-0.123250
0.308840
-0.159380
0.349190
-0.055150
0.110140
-0.537480
0.028590
-0.949980
0.624920
-0.763140
0.463790
-0.342240
0.338410
-0.417430
0.047900
-0.722180
0.911220
-0.114790
0.499620
-0.504370
0.789520
-0.366940
0.411790
-0.542090
0.981310
-0.547540
0.506930
-0.200300
0.911050
-0.523060
0.107110
-0.974240
0.586830
-0.181450
0.533330
-0.346440
0.521770
-0.296990
0.151520
-0.103920
0.198030
-0.060370
0.632900
-0.814330
0.288010
-0.728120
0.538510
-0.277090
0.440290
0.151260
-0.227520
0.572950
-0.192220
0.952840
-0.056940
0.439990
-0.928510
0.086770
-0.212750
0.542130
-0.582000
0.072710
-0.454490
0.563140
-0.612160
0.165060
-0.456360
0.913120
-0.050470
0.741040
-0.415400
0.046790
-0.999180
0.865620
-0.638950
0.275560
-0.438740
0.195060
-0.798460
0.635860
-0.762900
0.494450
-0.876570
0.191030
-0.231780
0.922180
-0.055380
0.281200
-0.307040
0.932110
-0.281950
0.960620
-0.266060
0.308150
-0.923690
0.375010
-0.784810
0.652970
-0.823550
0.898260
-0.608740
0.476550
-0.146400
0.134980
0.148850
-0.021840
0.534880
-0.187870
0.730120
-0.496430
0.734270
-0.991950
0.270850
-0.735330
0.950490
-0.030170
0.808560
-0.507450
0.205460
-0.376820
0.396400
-0.776640
0.645340
-0.538210
0.507180
-0.382810
0.674850
-0.774410
0.546940
-0.426910
0.701120
-0.037750
0.431900
-0.731950
0.874070
-0.826950
0.678310
-0.094930
0.494170
-0.193310
0.935850
-0.777450
0.692550
-0.183910
0.348790
-0.600070
0.833930
-0.975800
0.962020
-0.940160
0.186330
-0.108480
0.190630
-0.244300
0.258090
-0.916190
0.742570
-0.289010
0.209500
-0.272990
0.646480
-0.696550
0.644740
-0.411810
0.487710
-0.968820
0.799870
-0.105470
0.461740
-0.701270
0.212060
-0.868080
0.066370
-0.662740
0.064550
-0.659710
0.236910
-0.469390
0.275950
-0.820140
0.737560
-0.023860
-0.369820
0.156150
-0.201990
0.129000
-0.900620
0.380950
-0.473630
0.567760
-0.498910
0.328060
-0.331980
0.671530
-0.592110
0.021130
-0.418920
0.495530
-0.735540
0.781760
-0.594320
0.164770
-0.187440
0.405780
-0.451760
0.322750
-0.424660
0.902470
-0.577670
0.126390
-0.253940
0.312600
-0.103330
-0.482020
0.284040
-0.409690
0.381560
-0.738690
0.955250
-0.561090
0.492390
-0.859030
0.041460
-0.186340
0.154300
-0.777340
0.605660
-0.821490
0.046100
-0.356040
0.874140
-0.619920
0.499710
-0.045740
0.465920
-0.372470
0.216650
-0.773800
0.232660
-0.052760
0.357810
-0.046600
0.177670
-0.931680
0.674290
-0.182650
0.599500
-0.144870
0.496310
-0.872590
0.841600
-0.744080
0.671850
-0.070240
0.239240
-0.405920
0.008720
0.261600
-0.287030
0.838070
-0.895610
0.809040
-0.759100
0.539290
-0.159630
0.560770
-0.203860
0.325340
-0.215130
0.323530
-0.232200
0.009630
-0.372990
0.091220
-0.315250
0.488080
-0.324050
0.726420
-0.206160
0.405510
-0.762580
0.883110
-0.078280
0.230590
-0.811680
0.589040
-0.752960
0.593120
-0.792210
0.837940
-0.522630
0.824510
-0.754110
0.401270
-0.005030
0.159770
-0.553870
0.093050
-0.640540
0.976970
-0.008400
0.067190
0.245830
-0.005670
0.766970
-0.073060
0.622500
-0.187580
0.181370
-0.236910
0.081260
-0.530880
0.398530
-0.681970
0.778180
-0.675300
0.224850
-0.391600
0.918280
-0.541670
0.483250
-0.313280
0.032310
-0.361800
0.573050
-0.114720
0.772330
-0.426650
0.055800
-0.777710
0.040990
-0.349700
0.221530
-0.896790
0.888100
-0.209590
0.699400
-0.434820
-0.326080
0.232480
-0.092970
0.953840
-0.592770
0.023660
-0.212130
0.160780
-0.908290
0.540230
-0.918570
0.238160
-0.047530
0.596240
-0.100120
0.090890
-0.419510
0.971490
-0.813710
0.075910
-0.057840
0.059970
-0.873520
0.830530
-0.569380
0.212340
-0.096070
0.500620
-0.401620
0.244280
-0.016160
0.937770
-0.856490
0.951490
-0.640330
0.265070
-0.308160
0.441470
-0.607610
0.242060
-0.711290
0.954650
-0.113210
0.967510
-0.130900
0.099170
-0.483880
0.431220
-0.689170
0.990960
-0.874690
0.741380
-0.585880
0.005110
-0.997420
0.088270
-0.660530
0.736380
-0.759510
0.405210
-0.129840
0.346250
-0.489170
0.584790
-0.905980
0.454730
-0.379230
0.052490
-0.686610
0.604940
-0.033870
0.874190
-0.603090
0.612260
-0.878760
0.468650
-0.817470
0.498410
-0.883580
0.883570
-0.770730
0.040260
-0.810250
0.928630
-0.470370
0.882700
-0.812070
0.078550
-0.603950
0.156210
-0.291780
0.285210
-0.922520
0.648120
-0.538490
0.378890
-0.562580
0.224670
0.372390
-0.959400
0.156850
-0.310150
0.409480
-0.615120
0.667260
-0.282520
0.567700
-0.272550
0.600280
-0.561760
0.992990
-0.116500
0.030750
0.077390
-0.634990
0.767930
-0.259580
0.586280
-0.161500
0.921100
-0.712970
0.007390
-0.161600
0.243430
-0.043360
0.871220
-0.941690
0.263410
-0.606630
0.131880
-0.121970
0.136900
-0.888550
0.408660
-0.640150
0.446020
-0.874950
0.033480
-0.121190
0.798180
-0.523310
0.245910
-0.696840
0.700950
-0.516820
0.184040
-0.478950
0.535480
-0.048990
0.962510
-0.486380
0.017820
-0.438970
0.190210
-0.311080
0.097610
-0.872970
0.502630
-0.481670
0.172290
-0.717750
0.595650
-0.083470
0.959180
-0.113820
0.575060
-0.465460
0.282040
-0.768540
0.656030
-0.653210
0.417330
-0.504240
0.114530
-0.618730
0.804540
-0.737170
0.108840
-0.157210
0.125120
0.209420
-0.697800
0.423240
-0.239240
0.337650
-0.550090
0.206940
-0.986290
0.367730
-0.733800
0.621500
-0.563450
0.960090
-0.255680
0.944610
-0.859260
0.428760
-0.804960
0.839410
-0.146050
0.944470
-0.063840
0.593690
-0.483090
0.185390
-0.737840
0.691440
-0.136420
0.310630
-0.109160
0.752270
-0.801550
0.703180
-0.650600
0.279330
-0.940000
0.373270
-0.074560
0.486320
-0.253790
0.897610
-0.737810
0.369700
0.560790
-0.396360
0.194630
-0.120710
0.425020
-0.108100
0.737420
-0.792780
0.529000
-0.597840
0.267390
-0.692060
0.915650
-0.928620
0.083410
0.197500
-0.905250
0.221880
-0.361170
0.228210
-0.618210
0.362260
-0.092820
0.276490
-0.994440
0.446890
-0.564350
0.433000
-0.330620
0.503570
-0.885680
0.756000
-0.463670
0.543980
-0.891790
0.200230
0.226870
-0.595630
0.608530
-0.173500
0.091410
-0.883170
0.643310
-0.629080
0.557760
-0.051440
0.988930
-0.802070
0.456960
-0.214420
0.893320
-0.200440
0.481470
-0.873240
0.244770
-0.534570
0.252800
-0.130560
0.045900
-0.963030
0.054410
-0.207170
0.785340
-0.622220
0.323750
-0.616200
0.033050
-0.764670
0.868270
-0.224790
0.123290
-0.142530
0.455450
-0.361050
0.886670
-0.078990
0.744440
-0.155900
0.278770
-0.163200
0.489790
-0.430460
0.622100
-0.560340
0.383470
-0.828680
0.656130
-0.703290
0.771930
-0.861060
0.349260
-0.507670
0.508730
-0.877920
0.977550
-0.339100
0.837310
-0.853810
0.445590
-0.730140
0.769470
-0.095490
0.985120
-0.437960
0.019280
-0.377790
0.148450
-0.869520
0.804920
-0.808950
0.910650
-0.919220
0.063260
0.932170
-0.055330
0.479730
-0.458930
0.145730
-0.394490
0.281870
-0.140650
0.894610
-0.534640
0.644530
-0.641680
0.459260
-0.347280
0.104210
-0.366950
0.831240
-0.663090
0.424370
-0.919640
0.508810
-0.860250
0.396330
0.369120
-0.396920
0.488420
-0.038390
0.944700
-0.238250
0.741560
-0.563510
0.192920
0.658610
-0.703380
0.058680
-0.638380
0.909210
-0.606680
0.786920
-0.827630
0.131320
-0.319540
0.166210
-0.517720
0.990310
-0.417650
0.900490
-0.180260
0.927290
-0.015250
0.914190
-0.953770
0.944660
-0.136280
0.780540
-0.775250
0.635480
-0.750100
0.318480
-0.336650
0.459120
-0.183020
0.886660
-0.172330
0.604680
-0.724560
0.594890
-0.622440
0.228570
-0.037720
0.822860
-0.840330
0.607440
-0.702170
0.892480
-0.258980
0.993910
-0.245610
0.287930
-0.201860
0.389670
-0.305880
0.116030
-0.792110
0.125460
-0.672280
0.928090
-0.225300
0.549880
-0.262560
0.163370
-0.514990
0.672920
-0.907310
0.706770
-0.144160
0.870240
-0.575450
0.499140
-0.964920
0.180520
-0.946960
0.080590
-0.372670
-0.116090
0.422460
-0.669920
0.233120
-0.280780
0.895200
-0.141970
0.950050
-0.587180
0.534560
-0.535000
0.730690
-0.462290
0.662740
-0.667320
0.728660
-0.169900
0.364770
-0.208910
0.912460
-0.905160
0.336000
-0.287480
0.624400
-0.368390
0.715590
-0.961730
0.205150
-0.358270
0.097860
-0.558240
0.560690
-0.392940
-0.255470
0.013110
-0.243700
0.073610
-0.559860
0.334320
-0.593730
0.985900
-0.063110
0.201760
-0.683650
0.378620
-0.338560
0.661490
-0.271170
0.648130
-0.441700
0.302580
-0.476780
0.170310
-0.048950
0.985120
-0.075990
-0.303680
0.587790
-0.794750
0.481140
-0.852740
0.575570
-0.222210
0.384840
-0.213260
0.974220
-0.353840
0.233970
-0.380560
0.051300
-0.941500
0.227800
-0.309960
0.529200
-0.162180
0.647890
-0.289320
0.998480
-0.741390
0.270790
-0.792670
0.252200
-0.235360
0.007690
-0.542400
0.423360
-0.602650
0.293390
-0.597330
0.051180
-0.782990
0.924820
-0.817540
0.897070
-0.289490
0.353880
-0.959980
0.060420
-0.955650
0.726430
-0.794960
0.539330
-0.094620
0.910160
-0.859190
0.670750
-0.846980
0.616510
-0.025360
0.940870
-0.822570
0.360350
-0.599540
0.871290
-0.048460
0.785710
-0.854060
0.950410
-0.532170
0.408940
-0.747880
0.579630
-0.026690
-0.401260
0.206920
-0.989820
0.753350
-0.875950
0.211360
-0.323540
0.882810
-0.267960
0.206010
0.774780
-0.083450
0.547420
-0.090140
0.880520
-0.967080
0.556690
-0.428350
0.076690
-0.841020
0.692510
-0.953780
0.900180
-0.609650
0.837860
-0.366270
0.005830
-0.601990
0.331380
-0.632840
0.129340
-0.731750
0.084480
-0.093610
0.968440
-0.695770
0.382780
-0.193690
0.127090
-0.125850
0.123840
-0.913220
0.553050
-0.137680
0.314460
-0.997330
0.912190
-0.616580
0.510780
0.111430
-0.643470
0.115690
-0.260280
0.583360
-0.283640
0.719710
-0.899670
0.685920
-0.199090
0.137720
0.407900
-0.376100
0.365830
-0.989630
0.006320
-0.980430
0.561790
-0.065820
0.016690
-0.451100
0.687370
-0.689990
0.006500
-0.335700
0.197450
-0.112040
0.880350
-0.053080
0.718820
-0.504700
0.348530
-0.529680
0.605850
-0.646670
0.063470
-0.794110
0.352470
-0.140970
0.243110
-0.680700
0.874070
-0.691140
0.743200
-0.906960
0.973940
-0.440260
0.587150
-0.673050
0.794660
-0.997570
0.291640
-0.407110
0.329370
-0.641300
0.608430
-0.657370
0.274440
-0.002600
0.428700
-0.874890
0.620610
-0.117250
0.281600
-0.355470
0.544030
-0.581780
0.138350
-0.448540
0.490060
-0.329270
0.636430
-0.518740
0.086270
-0.727260
0.119600
-0.442570
0.498770
-0.340300
0.945540
-0.608300
0.952090
-0.032690
0.917890
-0.472700
0.068780
-0.824820
0.612420
-0.341080
0.801290
-0.726270
0.639470
-0.446800
0.833490
-0.202200
0.431760
-0.179640
0.549940
-0.349230
0.411650
-0.751260
0.083180
-0.972770
0.323450
-0.013950
0.201550
-0.283790
0.149380
-0.223800
0.620960
-0.508540
0.295690
-0.734730
0.048370
-0.590810
0.627120
-0.601330
0.949760
-0.630720
0.880450
-0.204250
0.571490
-0.036130
0.467850
-0.414580
0.990860
-0.939210
0.381300
-0.298300
0.240270
-0.929250
0.996250
-0.720180
0.669910
-0.836000
0.452100
-0.669940
0.523230
-0.377160
0.171140
-0.979200
0.874120
-0.997820
0.186260
-0.507100
0.400260
-0.643470
0.820230
-0.900620
0.750360
-0.693130
0.530810
-0.104580
0.575430
-0.539360
0.655240
-0.005280
-0.044650
0.670420
-0.540460
0.589310
-0.927440
0.768150
-0.724660
0.244650
-0.073790
0.027350
-0.077880
0.211020
-0.051180
0.471030
-0.183040
0.257000
-0.350580
0.801640
-0.619160
0.248830
-0.180000
0.265250
-0.627370
0.171600
-0.529990
0.970910
-0.871370
0.456910
-0.378790
0.835740
-0.891370
0.117480
-0.833210
0.715370
-0.606030
0.103460
-0.160820
0.493240
-0.141040
0.282510
-0.510530
0.491280
-0.591240
0.623450
-0.539900
0.284960
-0.814120
0.397870
-0.687150
0.380140
-0.035880
0.458090
-0.587450
0.540760
-0.415610
0.666810
-0.561500
0.277120
-0.230980
0.011620
0.910960
-0.808800
0.749620
-0.022530
0.758690
-0.729640
0.362630
-0.433830
0.071390
-0.829120
0.802580
-0.025990
0.249700
-0.879040
0.421840
-0.131720
0.493720
-0.670190
0.211950
-0.091900
0.817240
-0.217370
0.908790
-0.547600
0.046310
-0.164410
0.094460
-0.701150
0.773840
-0.230210
0.488500
-0.297540
0.185610
-0.758710
0.202590
-0.750320
0.796790
-0.225130
0.547950
-0.140010
0.136000
-0.677000
0.651990
-0.545400
0.906640
-0.495170
0.215780
-0.273040
0.462870
-0.959020
0.793930
-0.873380
0.516460
-0.636900
0.068970
-0.442440
0.593300
-0.193830
0.016950
-0.217900
-0.574500
0.300610
-0.941060
0.266530
-0.075990
0.583720
-0.118790
0.833160
-0.053050
0.947410
-0.867500
0.209990
-0.774440
0.506790
-0.515760
0.227730
-0.480130
0.564920
-0.825130
0.036410
-0.458900
0.431840
-0.920860
0.340910
-0.547700
0.388660
-0.375810
0.708170
-0.367710
0.904440
-0.040020
0.186050
-0.456400
0.090130
0.670390
-0.592520
0.510380
-0.890600
0.699760
-0.686440
0.295680
-0.141830
0.026480
-0.655420
0.756110
-0.472380
0.140280
-0.111200
0.669050
-0.567190
0.800210
-0.298280
0.696790
-0.778950
0.828440
-0.748440
0.441740
-0.130860
0.730680
-0.020340
0.140780
-0.991740
0.111730
-0.603240
0.766360
-0.154890
0.518340
-0.570340
0.746100
-0.499660
0.788030
-0.786950
0.193250
-0.269720
0.011930
-0.327810
0.219600
-0.900040
0.090510
-0.138780
0.919070
-0.855560
0.941320
-0.501790
0.352360
-0.834810
0.556490
-0.076600
0.519240
-0.258130
0.022110
-0.069090
0.207080
-0.146180
0.038710
-0.647390
0.044870
-0.274120
0.034280
-0.331050
0.519890
-0.254840
0.348420
-0.328340
0.279700
-0.861980
0.773170
-0.302010
0.378900
-0.869450
0.890950
-0.414610
0.844450
-0.565840
0.248240
-0.919460
0.022240
-0.533300
0.737470
-0.354500
0.402630
-0.891120
0.866290
-0.098460
0.815370
-0.727500
0.146340
-0.140040
0.122670
-0.431930
0.057150
-0.301750
0.799880
-0.336640
0.888040
-0.164000
0.743840
-0.393060
0.491250
-0.926910
0.779240
-0.723060
0.907190
-0.205300
0.914090
-0.515240
0.051600
-0.685200
0.801900
-0.792240
0.779640
-0.731130
0.280990
-0.828740
0.049390
-0.653130
0.223230
-0.294640
0.822770
-0.738010
0.608080
-0.488880
0.121320
-0.519290
0.621570
-0.850370
0.047450
-0.530480
0.111730
-0.828300
0.989510
-0.631880
0.235060
-0.420860
0.854880
-0.781460
0.791170
-0.323780
0.881540
-0.442000
0.840270
-0.657730
0.352010
-0.304230
0.138410
-0.743030
0.408330
-0.607670
0.408550
0.296820
-0.921990
0.090880
-0.783130
0.382800
-0.872910
0.436300
-0.731540
0.676780
-0.522500
0.970660
-0.654230
0.123310
-0.729160
0.028410
-0.949410
0.374040
-0.958800
0.698040
-0.878020
0.639090
-0.873970
0.014100
0.279880
-0.610330
0.843320
-0.906820
0.340300
-0.191230
0.131680
-0.520020
0.799650
-0.948240
0.659850
-0.969420
0.648770
-0.943320
0.213620
-0.201800
0.096580
-0.280480
0.402880
-0.056870
-0.185490
0.431380
-0.725930
0.841960
-0.142820
0.688860
-0.991690
0.351120
-0.752970
0.189540
-0.257970
0.122770
-0.693970
0.595990
-0.781620
0.630100
-0.614980
0.908140
-0.789820
0.199710
-0.279090
0.874860
-0.033600
0.861640
-0.488260
0.430170
-0.288240
0.491490
-0.261250
0.709830
-0.267930
0.189040
-0.994540
0.049450
-0.721830
0.687380
-0.517170
0.503590
-0.153300
-0.106930
0.020890
-0.581970
0.255410
-0.544910
0.283490
-0.575810
0.824030
-0.508400
0.764710
-0.540650
0.039580
-0.321050
0.813080
-0.651070
0.067230
-0.303730
0.431080
-0.806620
0.957690
-0.109030
0.899340
-0.261620
0.574540
-0.140570
0.138770
-0.754710
0.669520
-0.561210
0.398300
-0.143000
-0.042710
0.742630
-0.926140
0.653770
-0.662310
0.961020
-0.035010
0.113610
-0.887800
0.263910
-0.646360
0.095300
-0.401350
0.416780
-0.534010
0.998400
-0.603120
0.575030
-0.350260
0.994970
-0.935910
0.889080
-0.328230
0.935900
-0.814770
0.680610
-0.377700
0.539830
-0.040460
0.294620
0.068560
-0.426150
0.585880
-0.587970
0.286160
-0.029730
0.813520
-0.149330
0.753540
-0.421920
0.648280
-0.284050
0.794660
-0.139410
0.342550
-0.640230
0.276580
-0.736480
0.094370
-0.741960
0.864920
-0.662200
0.262040
-0.724420
0.157900
-0.943950
0.360000
-0.444340
0.061260
-0.403820
0.334130
-0.791080
0.978710
-0.865090
0.558650
-0.682030
0.056350
-0.258600
0.111920
-0.109800
0.662140
-0.968850
0.413660
-0.209800
0.907170
-0.557200
0.028990
0.148450
-0.659750
0.353330
-0.719140
0.488400
-0.585490
0.636870
-0.570670
0.144040
-0.095860
0.015050
-0.934390
0.701540
-0.746690
0.313480
-0.954960
0.521920
-0.771570
0.704210
-0.018920
0.159940
-0.458630
0.314880
-0.327760
0.691390
-0.711670
0.150450
-0.499540
0.218710
-0.824270
0.114090
-0.698030
0.429210
-0.932040
0.992890
-0.022010
0.034280
-0.494760
0.940520
-0.433360
0.424530
-0.448620
0.322780
-0.812150
0.241710
-0.435770
0.502190
-0.664680
0.959700
-0.550460
0.560230
-0.058420
0.362060
-0.838860
0.391590
-0.560910
0.840770
-0.320490
0.236900
-0.756880
0.245680
-0.629030
0.381770
-0.837810
0.284330
-0.804080
0.443660
-0.039660
0.483700
-0.619120
0.195670
-0.704690
0.861590
-0.820910
0.809290
-0.002530
-0.150170
0.852240
-0.052140
0.976200
-0.844330
0.658550
-0.481350
0.683810
-0.148940
0.306220
-0.944900
0.087600
-0.153890
0.262600
-0.242510
0.219660
-0.236990
0.938370
-0.603870
0.236350
-0.290590
0.731230
-0.927610
0.028640
-0.777800
0.924100
-0.934520
0.366190
-0.998330
0.977040
-0.479130
0.979760
-0.096650
-0.456940
0.408140
-0.412030
0.206290
-0.598170
0.395590
-0.969610
0.009550
-0.940150
0.923140
-0.439090
0.478600
-0.143930
0.041530
-0.565030
0.399300
-0.605440
0.209330
-0.844420
0.672660
-0.177810
0.442890
-0.330140
0.905160
-0.384250
0.875170
-0.155150
0.174160
-0.023800
0.089240
-0.165600
0.567450
-0.137830
0.251090
-0.624980
0.662390
-0.261980
0.726320
-0.209320
0.134400
-0.554160
0.949890
-0.345940
0.350240
-0.252820
0.560270
-0.965000
0.862180
0.013440
-0.373480
0.376760
-0.463840
0.202900
-0.783650
0.480420
-0.727280
0.326870
-0.881060
0.871370
-0.227230
0.768170
-0.679040
0.160700
-0.988390
0.609590
-0.705410
0.450900
-0.560990
0.459860
-0.288260
0.069890
-0.273700
0.018430
-0.174340
0.403390
-0.016250
0.429920
-0.632280
0.002040
-0.444210
0.367090
0.010110
-0.553680
0.963980
-0.025510
0.869820
-0.175720
0.046530
-0.589610
0.557490
-0.949910
0.262610
-0.437090
0.356360
-0.474540
0.578020
0.286640
-0.161660
0.865460
-0.049360
0.052230
-0.454630
0.299230
-0.433440
0.605940
-0.148860
0.340930
-0.349080
0.110760
-0.948910
0.599350
-0.659030
0.465060
-0.814950
0.195570
-0.470900
0.374660
-0.210450
0.740360
-0.234850
0.717360
-0.152910
0.012580
-0.473510
0.326720
-0.736610
0.486200
-0.929210
0.265730
-0.605940
0.424330
-0.641360
0.734060
-0.881270
0.757020
-0.928160
0.503570
-0.265110
0.200230
-0.944930
0.986390
-0.783310
0.980620
-0.874540
0.673110
-0.712060
0.894900
-0.405340
0.479700
-0.200300
0.962460
-0.890050
0.602050
-0.516950
0.258320
-0.453580
0.430640
-0.575980
0.504820
-0.019150
0.293990
-0.787530
0.873420
-0.687040
0.525390
-0.563740
0.294390
0.498590
-0.033040
0.868510
-0.929050
0.095200
-0.306990
0.364790
-0.374270
0.780520
-0.654610
0.145860
-0.370310
0.653860
-0.894980
0.072960
-0.106950
0.621050
-0.799530
0.387250
-0.981180
0.113080
-0.746640
0.802790
-0.471960
0.683240
-0.487100
0.176820
0.208860
-0.241790
0.335570
-0.365840
0.627190
-0.749570
0.625390
-0.638130
0.196880
-0.710710
0.476120
-0.040860
0.716330
-0.709020
0.831960
-0.876420
0.678350
-0.572770
0.727120
-0.497960
0.504610
-0.855810
0.350890
-0.936370
0.497980
-0.747430
0.871850
-0.110600
0.605710
-0.687560
0.408240
-0.997620
0.342890
-0.193220
0.803740
-0.748250
0.703020
-0.125500
0.953060
-0.445120
0.109620
-0.601030
0.251460
-0.696720
0.323390
-0.474230
0.977260
-0.860960
0.973400
-0.665860
0.206620
-0.827610
0.494570
-0.297360
0.917750
-0.835830
0.401770
-0.476560
0.494180
-0.983870
0.426440
-0.189790
0.317930
-0.782560
0.910230
-0.079890
0.865570
-0.493700
0.976950
-0.590550
0.680530
-0.910100
0.645890
-0.003080
0.969020
-0.067590
0.243930
-0.978510
0.144490
-0.527800
0.242240
-0.120890
0.948700
-0.271670
0.669170
-0.481690
0.829780
-0.184820
0.343560
-0.466810
0.775650
-0.935030
0.284220
-0.339370
0.449510
-0.986990
0.015580
-0.965560
0.590480
-0.353620
0.817410
-0.159650
0.498060
-0.915490
0.963390
-0.685570
0.596790
-0.711580
0.211200
-0.715570
0.505090
-0.872030
0.283820
-0.825910
0.807220
-0.354760
0.861690
-0.061990
0.973040
-0.496100
0.603210
-0.577450
0.164280
-0.345730
0.879060
-0.225500
0.747270
-0.044260
0.195780
-0.299700
0.497730
-0.558100
0.191000
-0.005330
0.293340
-0.021460
0.559970
-0.837060
0.277350
-0.126090
-0.101430
0.674380
-0.866600
0.819440
-0.876380
0.316370
-0.244880
0.331650
-0.544400
0.086530
-0.668530
0.741240
-0.195730
0.758870
-0.371030
0.536090
-0.992450
0.905570
-0.956040
0.697080
-0.112480
0.159270
-0.158450
0.024070
-0.663020
0.938580
-0.377320
0.572380
-0.370840
0.006700
-0.769600
0.264050
-0.140620
0.331650
-0.563430
0.485610
-0.540990
0.822190
-0.129230
0.061340
-0.343290
0.303910
-0.569970
0.878120
-0.801810
0.176820
-0.961630
0.614600
-0.438150
0.336410
-0.945150
0.421700
-0.568100
0.703080
-0.554230
0.532390
0.002490
-0.190360
0.920480
-0.416910
0.151180
-0.143130
0.413980
-0.149310
0.099800
-0.129970
0.938530
-0.445980
0.651440
-0.028260
0.424660
-0.201300
0.846640
-0.384850
0.892030
-0.274840
0.949690
-0.724100
0.271040
-0.697950
0.399070
-0.436820
0.868720
-0.600670
0.474740
-0.301690
0.980000
-0.074930
0.569100
-0.762410
0.698260
-0.475710
0.168260
-0.352170
0.700960
-0.301030
0.134960
-0.110760
0.072780
-0.012940
0.199270
-0.307750
0.498380
-0.742680
0.000770
-0.916960
0.659530
-0.948540
0.158040
-0.431030
0.077510
-0.774060
0.418800
-0.830610
0.318320
-0.287140
0.087010
-0.192480
0.654220
-0.355490
0.567550
-0.435630
0.502000
-0.164740
0.229290
-0.889000
0.125910
-0.595300
0.871250
-0.691390
0.428950
-0.452810
0.082990
0.073160
-0.275150
0.404150
-0.304770
0.685720
-0.159350
0.727110
-0.226020
0.554080
-0.886060
0.557590
-0.149700
0.170830
-0.589750
0.085280
-0.820820
0.602580
-0.196900
0.361670
-0.549110
0.954890
-0.406650
0.729400
-0.154060
0.056530
-0.634200
0.760590
-0.014530
0.327130
-0.430460
-0.051560
0.335600
-0.745290
0.126850
-0.865540
0.820790
-0.381880
0.874270
-0.733300
0.774760
-0.961100
0.115400
-0.892740
0.498400
-0.319890
0.365990
-0.722030
0.596170
-0.216090
0.715800
-0.761540
0.227460
-0.599930
0.816580
-0.590380
0.823040
-0.875800
0.233610
-0.280210
0.457880
-0.389560
0.063850
-0.246500
0.846000
-0.990870
0.487180
-0.359770
0.201370
-0.945450
0.617300
-0.687540
0.926780
-0.332700
0.341420
-0.079820
-0.207210
0.045280
-0.940890
0.749930
-0.509030
0.048320
-0.207950
0.768720
-0.972580
0.297920
-0.513050
0.836580
-0.068780
0.078410
-0.451400
0.542620
-0.857870
0.345950
-0.670000
0.396420
-0.602580
0.008090
-0.770670
0.653780
-0.732060
0.962650
-0.774330
0.363370
-0.116330
0.709450
-0.501660
0.339600
-0.862230
0.686740
-0.440850
0.842120
-0.847150
0.006920
-0.560790
0.653840
-0.294380
0.271350
-0.279750
0.346940
-0.101110
0.095440
0.671530
-0.744590
0.367090
-0.554670
0.736040
-0.972950
0.054210
-0.585090
0.983620
-0.665590
0.443770
-0.119070
0.343920
-0.735520
0.653800
-0.195470
0.678720
-0.992000
0.024310
-0.386110
0.959160
-0.073880
0.846210
-0.272860
0.328660
-0.106370
0.147360
-0.497060
0.718590
-0.615380
0.503480
-0.713070
0.412470
-0.847290
0.521210
-0.288730
0.195760
0.758080
-0.350850
0.374510
-0.586640
0.747420
-0.655710
0.195940
-0.114510
0.352670
-0.400200
0.996440
-0.096560
0.187450
-0.606960
0.578450
-0.392160
0.468070
-0.525910
0.585880
-0.459400
0.289930
-0.859310
0.071650
-0.167720
0.668340
-0.069960
0.314240
-0.330400
0.268170
-0.124660
0.076150
-0.716480
0.981550
-0.289710
0.731180
-0.338790
0.580850
-0.292140
0.246790
-0.360000
0.327510
-0.458410
0.557580
-0.041460
0.472680
-0.161850
0.152810
-0.027500
0.768880
-0.354760
0.359870
-0.357290
0.445560
-0.106090
0.842470
-0.601980
0.007190
-0.137030
0.483280
-0.972450
0.557240
-0.463220
0.917950
-0.297180
0.349670
-0.036280
0.641220
-0.675090
0.549280
-0.152370
0.764630
-0.643390
0.112040
-0.929510
0.427920
-0.311500
0.195070
-0.965800
0.006060
-0.816310
0.744940
-0.215310
0.098010
-0.910080
0.988630
-0.592580
0.748790
-0.040570
0.325780
-0.248300
0.896420
-0.434910
0.813800
-0.376380
0.601050
-0.228660
-0.730740
0.887590
-0.197740
0.607220
-0.222340
0.889600
-0.172120
0.739820
-0.012370
0.612650
-0.174410
0.167400
-0.283900
0.314650
-0.237260
-0.397730
0.165660
-0.425240
0.011520
-0.173020
0.094120
-0.807090
0.814480
-0.976080
0.219510
-0.262870
0.134090
-0.075780
0.339190
-0.945820
0.077700
-0.199670
0.336570
-0.225120
0.633780
-0.273930
0.719950
-0.594900
0.628380
-0.749570
0.547750
-0.071060
0.316970
-0.013810
0.714760
-0.231580
0.415620
-0.894570
0.430050
-0.479040
0.441550
-0.927930
0.945750
-0.384720
0.574930
-0.886010
0.983620
-0.856590
0.359220
-0.840890
0.013180
-0.730930
0.326580
-0.410050
0.369230
-0.483050
0.058110
-0.523570
0.805610
-0.574150
0.230180
-0.883390
0.300720
-0.804960
0.919490
-0.538220
0.342760
-0.079930
0.188770
-0.345980
0.471100
-0.261680
-0.436120
0.859360
-0.098600
0.436250
-0.986340
0.193280
-0.179570
0.547300
-0.281100
0.902600
-0.466050
0.426140
-0.681820
0.626430
-0.485690
0.914450
-0.719410
0.558820
-0.704870
0.649340
-0.713180
0.306870
-0.789960
0.975350
-0.713190
0.404630
-0.541050
0.851680
-0.960840
0.713110
-0.514660
0.217840
-0.868440
0.147770
-0.087770
0.461040
-0.535600
0.021920
-0.275710
0.173320
-0.911130
0.280830
0.279960
-0.676320
0.870950
-0.991660
0.416680
-0.524780
0.262200
-0.054980
0.583980
-0.181820
0.449210
-0.141270
0.056920
-0.985540
0.068950
0.128550
-0.033800
0.255680
-0.616850
0.845060
-0.463270
0.825530
-0.918350
0.194840
-0.189280
0.636170
-0.200520
0.633520
-0.964140
0.467710
-0.353390
0.109390
-0.573060
0.117040
-0.008830
0.209060
0.017810
-0.613440
0.221970
-0.395470
0.486880
-0.370050
0.013360
-0.642440
0.200200
-0.251640
0.240570
-0.042640
0.499600
-0.714020
0.607340
-0.807780
0.289250
-0.162490
0.407260
-0.941830
0.194630
-0.325190
0.371090
-0.334120
0.388530
-0.595700
0.381040
-0.003260
0.327010
-0.943210
0.976260
-0.740930
0.609200
-0.833990
0.957280
-0.099810
0.555260
-0.916310
0.802980
-0.881970
0.626410
-0.782310
0.061080
-0.224280
0.714070
-0.144530
0.766630
-0.326970
0.710440
-0.539120
0.195250
-0.898540
0.670470
-0.531530
0.880790
-0.388460
0.897190
-0.775110
0.752660
-0.091760
0.929070
-0.782880
0.228470
-0.958610
0.728080
-0.823570
0.808690
-0.246650
0.265930
-0.643720
0.792170
-0.661690
0.466610
-0.275560
0.186210
-0.105430
0.168690
0.763480
-0.818810
0.298540
-0.757470
0.903200
-0.297690
0.579560
-0.720210
0.614820
-0.149460
0.793990
-0.435670
0.894930
-0.242210
0.346420
-0.713370
0.544610
-0.207700
0.632070
-0.551710
0.060520
-0.920770
0.317100
0.052020
-0.448940
0.937360
-0.975750
0.920450
-0.158700
0.900260
-0.463770
0.656690
0.001920
-0.705300
0.763980
-0.402360
0.311570
-0.918250
0.705170
-0.532800
0.664120
-0.983660
0.149870
-0.667590
0.657900
-0.075550
0.976040
-0.156300
0.083590
-0.098840
0.013030
-0.966800
0.911460
-0.047740
0.828280
-0.603530
0.239010
-0.989110
0.307590
-0.644240
0.103360
-0.286380
0.173040
-0.345370
0.950050
-0.674610
0.269500
-0.891940
0.120510
-0.158230
0.981090
-0.821420
0.428860
-0.131030
0.023510
-0.282490
0.276400
-0.522010
0.809940
-0.011800
0.401470
-0.707350
0.823380
-0.615490
0.740950
-0.413230
0.341320
-0.566620
0.116500
-0.379060
0.542430
-0.057420
0.730340
-0.637650
0.344420
-0.488580
0.358820
-0.934270
0.433410
-0.398330
0.578850
-0.525810
0.606400
-0.979070
0.862980
-0.440520
-0.229400
0.462520
-0.743300
0.638500
-0.780470
0.730520
-0.317700
0.852260
-0.387260
0.117950
-0.580240
0.242980
-0.910300
0.638960
-0.808860
0.173630
-0.382540
0.295000
-0.200160
0.536160
-0.823640
0.448040
-0.816430
0.532020
-0.493750
0.698900
-0.057170
0.155030
-0.713270
0.273960
-0.666900
0.411430
-0.398320
0.154620
-0.081010
-0.478850
0.813170
-0.406900
0.392800
-0.455910
0.657670
-0.341320
0.719940
-0.058500
0.719990
-0.991160
0.639290
-0.080990
0.383570
-0.860350
0.030660
-0.079610
0.064730
-0.140720
-0.162960
0.750750
-0.545500
0.026640
-0.879380
0.454950
-0.677160
0.062000
-0.275260
0.249480
-0.603320
0.837290
-0.217850
0.269150
-0.210650
0.438450
-0.748410
0.277610
-0.439790
0.087680
-0.377000
0.375480
-0.116870
0.387660
-0.180330
0.432530
-0.667890
0.675580
-0.217980
0.641340
-0.243990
0.537380
-0.134710
0.185890
-0.968880
0.893700
-0.711240
0.608310
-0.897800
0.251680
-0.211660
0.272080
-0.227730
0.954160
-0.749120
0.288450
-0.383070
0.293230
-0.152420
0.823170
-0.670150
0.286660
-0.312020
0.252890
-0.075460
0.435810
-0.035350
0.906640
-0.955100
0.740810
-0.594870
0.545280
-0.077450
0.486390
-0.234270
0.813900
-0.840590
0.439330
-0.232410
-0.757410
0.510760
-0.386710
0.598070
-0.921610
0.804420
-0.072380
0.278390
0.496390
-0.579840
0.127260
-0.217400
0.097920
-0.065000
0.621690
-0.050040
0.126730
-0.967750
0.660260
-0.614040
0.514220
-0.123870
0.961730
-0.328000
0.333830
-0.935820
0.267200
-0.900040
0.029380
-0.761130
0.845610
-0.939220
0.907660
-0.603430
0.986210
-0.179900
0.306990
-0.432840
0.556680
-0.469900
0.022950
-0.160630
0.475090
-0.472420
0.384610
-0.001190
0.511970
-0.400540
-0.242930
0.358620
-0.618900
0.202260
-0.485900
0.205610
-0.105280
0.791200
-0.990290
0.128010
0.279890
-0.655990
0.021820
-0.011450
0.017770
-0.998200
0.559990
-0.625810
0.642500
-0.093600
0.780970
-0.470960
0.477460
-0.813160
0.010610
-0.122650
0.003000
-0.056080
0.774900
-0.279600
0.628130
-0.157810
0.763660
-0.410330
0.473800
-0.267910
0.620380
-0.761350
0.004460
-0.685160
0.559230
-0.250370
0.993570
-0.900530
0.874470
-0.314730
0.901880
-0.574930
0.369590
-0.367160
0.658800
-0.065910
0.395280
-0.036580
0.645010
-0.302380
0.576820
-0.579420
0.008120
-0.883010
0.503620
-0.620870
0.902470
-0.257940
0.801970
-0.383750
0.522100
-0.970640
0.460700
-0.789970
0.426400
-0.945140
0.031410
-0.758670
0.878270
-0.320840
0.819610
-0.159910
0.105450
-0.713750
0.665840
-0.698530
0.616420
-0.089120
0.157900
-0.982720
0.595140
-0.936220
0.737510
-0.463780
0.103250
-0.550050
0.383540
-0.585740
0.017500
-0.197140
0.747080
-0.096310
0.507960
-0.259220
0.342400
-0.315170
0.638620
-0.652570
0.854120
-0.137910
0.287290
-0.511090
0.132050
-0.640590
0.936280
-0.671010
0.719380
-0.310190
0.937310
-0.538640
0.488400
-0.119120
0.999570
-0.203820
0.775310
-0.811440
0.279290
-0.693870
0.684730
-0.623940
0.005240
-0.303540
0.543810
-0.473060
0.469310
-0.189490
0.859400
-0.695400
0.147500
-0.817440
0.340670
-0.717830
0.888970
-0.868170
0.742290
-0.740110
0.926370
-0.433470
0.833730
-0.477200
0.297430
-0.198050
0.948410
-0.641540
0.172350
-0.276930
0.852360
-0.391720
0.046960
-0.052240
0.007590
0.662830
-0.203290
0.792600
-0.720040
0.488190
-0.212850
0.457500
-0.531290
0.558640
-0.636520
0.847540
-0.898720
0.369750
-0.552790
0.809790
-0.160370
0.962010
-0.581170
0.830000
-0.010000
0.275250
-0.902620
0.074220
-0.604210
0.575120
-0.446490
0.903400
-0.282190
0.117930
-0.009300
0.126780
-0.959990
0.675360
-0.281390
0.384850
-0.545670
0.038910
-0.179950
0.462460
-0.972990
0.464270
-0.055510
0.678960
-0.218860
0.503820
-0.317940
0.715810
-0.402960
0.783100
-0.818980
0.277070
-0.864520
0.405280
-0.820890
0.487700
-0.049200
0.326320
-0.557300
0.568920
0.342040
-0.150840
0.900460
-0.922990
0.681680
-0.411320
0.773950
-0.207780
0.279170
-0.108290
0.910870
-0.936860
0.186560
-0.065600
0.487440
-0.619160
0.112880
-0.783070
0.995020
-0.086920
0.904160
-0.121530
0.030320
-0.577920
0.624230
-0.788640
0.883100
-0.584250
0.358090
-0.588300
0.076800
-0.374340
0.559950
-0.318660
0.521250
-0.271570
0.068360
-0.293490
0.841440
-0.981450
0.117450
-0.794450
0.446440
-0.991840
0.898480
-0.393650
0.609430
-0.882470
0.345340
-0.304360
0.098290
-0.971670
0.488130
-0.125030
0.194000
-0.636440
0.229740
-0.423570
0.440520
-0.658420
0.083920
0.216690
-0.157750
0.424280
-0.500270
0.083990
-0.202780
0.035940
-0.088990
0.036400
-0.903900
0.113890
-0.888330
0.395120
-0.910880
0.138610
-0.618740
0.183660
-0.008790
0.045200
-0.504100
0.935940
-0.856800
0.197710
-0.745410
0.134070
-0.509880
0.218050
-0.585760
0.490200
-0.530220
0.716270
-0.172670
0.262800
0.407590
-0.000110
0.510490
-0.401090
0.100850
-0.787290
0.082970
-0.224800
0.251280
-0.906700
0.662810
-0.135190
0.275470
-0.386670
0.055720
-0.622910
0.423120
-0.721400
0.418190
-0.197140
0.025580
-0.774020
0.215760
-0.346620
0.077300
-0.097640
0.238420
-0.230160
0.341890
-0.945130
0.711490
-0.866380
0.384720
-0.955060
0.701160
-0.200820
0.988850
-0.775800
0.969050
-0.238770
0.250700
-0.578510
0.798110
-0.698150
0.788660
-0.927440
0.846510
-0.702070
0.643390
-0.145180
0.497540
-0.332350
0.888840
-0.965440
0.484680
-0.742810
0.764920
-0.834010
0.041090
-0.187270
0.225980
-0.873370
0.918240
-0.192360
0.226640
-0.557690
0.077580
-0.332420
0.680840
-0.009180
0.288880
-0.150860
0.924030
-0.226040
0.604940
-0.474390
0.365340
-0.779950
0.624400
-0.190240
0.438480
-0.357940
0.380180
-0.913480
0.650950
-0.005450
0.408080
-0.299200
0.165490
-0.263950
0.079320
-0.806820
0.953160
-0.093200
0.215870
-0.647800
0.704950
-0.006700
0.806580
-0.143220
0.031260
-0.195260
0.939100
-0.332160
0.823410
-0.750320
0.529560
-0.252620
0.159810
-0.365110
0.279200
-0.794440
0.846040
-0.531240
0.333140
-0.125380
0.905020
-0.636150
0.917140
-0.745880
0.795270
-0.448400
0.671630
-0.966270
0.789040
-0.527050
0.135130
-0.624010
0.745330
-0.264620
0.886190
-0.736560
0.784010
-0.314490
0.426220
-0.254520
0.244030
-0.875910
0.110970
-0.531830
0.386710
-0.168170
0.959340
-0.283120
0.164660
-0.606660
0.446930
-0.104660
0.456670
-0.760900
0.899310
-0.642340
0.050670
-0.658340
0.066890
0.229930
-0.151920
0.242800
-0.025930
0.408730
-0.281640
0.717940
-0.449480
0.126260
-0.648760
0.619420
-0.273650
0.396960
-0.126120
0.154530
-0.103940
0.477980
-0.436780
0.134820
-0.012840
0.651930
-0.525900
0.540000
-0.260120
-0.350210
0.193530
-0.100350
0.440650
-0.631880
0.763560
-0.283580
0.083230
-0.031470
0.691320
-0.660740
0.309510
-0.252830
0.466450
-0.668250
0.764830
-0.045310
0.448190
-0.505060
0.319570
0.111810
-0.837740
0.679700
-0.822520
0.511380
-0.503070
0.854190
-0.607160
0.796700
-0.054670
0.177440
-0.871410
0.467400
-0.249020
0.879120
-0.494100
0.402240
-0.192060
0.391770
-0.670860
0.545720
-0.579320
0.440960
-0.929220
0.359390
-0.647630
0.139120
-0.400370
0.110200
-0.378130
0.567170
-0.561710
0.611160
-0.332990
0.020370
-0.537540
0.041130
-0.194430
0.087500
-0.066610
-0.515360
0.770770
-0.315680
0.599170
-0.174980
0.999010
-0.507410
0.272120
-0.812770
0.852350
-0.173400
0.986480
-0.637550
0.704780
-0.008510
0.439590
-0.246210
0.203900
-0.312930
0.212270
-0.473890
0.048430
-0.189000
0.327770
-0.082480
0.752000
-0.313210
0.711510
-0.854510
0.811800
-0.069170
-0.856970
0.510740
-0.173050
0.134070
-0.169080
0.282690
-0.170490
0.434400
-0.080760
0.176060
-0.577410
0.994190
-0.528200
0.526600
-0.129720
0.704750
-0.055010
0.049980
-0.985890
0.874970
-0.203200
0.139100
-0.953870
0.634480
-0.012180
0.552010
-0.592470
0.887090
-0.818530
0.392380
0.193500
-0.781470
0.067630
-0.097360
0.910880
-0.060210
0.813750
-0.235670
0.883950
-0.168000
0.962660
-0.102070
0.444620
-0.084850
0.361430
-0.097910
0.192280
-0.934240
0.799160
-0.461360
0.723400
-0.447820
0.605720
-0.549670
0.909670
-0.354010
0.415270
-0.819090
0.153220
-0.944300
0.923010
