0.507533
0.194589
-0.143322
-0.366928
-0.385011
-0.187318
0.151668
0.502840
0.732112
0.750294
0.545874
0.185942
-0.211082
-0.522681
-0.666153
-0.625801
-0.452247
-0.235207
-0.064041
0.008502
-0.016054
-0.088976
-0.141130
-0.118401
-0.007075
0.158946
0.315040
0.395898
0.367127
0.243290
0.082691
-0.036997
-0.055797
0.039938
0.206634
0.358039
0.401107
0.276779
-0.009722
-0.383685
-0.724500
-0.909187
-0.861361
-0.582624
-0.156880
0.278803
0.583209
0.663135
0.508715
0.195823
-0.142037
-0.366361
-0.385280
-0.188317
0.150269
0.501656
0.731435
0.750402
0.546675
0.187098
-0.210014
-0.522075
-0.666067
-0.626372
-0.453080
-0.235846
-0.064423
0.008573
-0.015833
-0.088465
-0.140781
-0.118366
-0.007332
0.158569
0.314780
0.395939
0.367498
0.243845
0.083167
-0.036864
-0.056143
0.039270
0.205730
0.357355
0.401087
0.277297
-0.008672
-0.382649
-0.723563
-0.908914
-0.861900
-0.583820
-0.158319
0.277640
0.582756
0.663570
0.509893
0.197323
-0.140753
-0.365749
-0.385481
-0.189344
0.148872
0.500544
0.730758
0.750511
0.547309
0.188259
-0.208999
-0.521462
-0.666152
-0.626938
-0.453918
-0.236591
-0.064748
0.008639
-0.015361
-0.087964
-0.140436
-0.118299
-0.007661
0.158180
0.314605
0.395971
0.367857
0.244237
0.083708
-0.036721
-0.056410
0.038526
0.204850
0.356688
0.400895
0.277828
-0.007677
-0.381417
-0.722626
-0.908639
-0.862367
-0.585023
-0.159706
0.276632
0.582287
0.663983
0.510841
0.198808
-0.139547
-0.365144
-0.385756
-0.190370
0.147539
0.499294
0.730156
0.750630
0.548126
0.189435
-0.207909
-0.520845
-0.666158
-0.627496
-0.454562
-0.237337
-0.065138
0.008566
-0.014964
-0.087472
-0.140105
-0.118281
-0.007938
0.157785
0.314329
0.395999
0.368220
0.244792
0.084191
-0.036575
-0.056774
0.037789
0.203966
0.356213
0.400764
0.278360
-0.006727
-0.380184
-0.721680
-0.908361
-0.862906
-0.586225
-0.161159
0.275448
0.581809
0.664392
0.511997
0.200291
-0.138273
-0.364596
-0.386022
-0.191393
0.146341
0.498043
0.729485
0.750658
0.548941
0.190610
-0.206818
-0.520289
-0.666162
-0.628095
-0.455390
-0.238053
-0.065530
0.008696
-0.014567
-0.086936
-0.139858
-0.118294
-0.008213
0.157512
0.314053
0.395982
0.368518
0.245377
0.084675
-0.036353
-0.057101
0.037095
0.203083
0.355517
0.400632
0.278815
-0.005667
-0.378994
-0.720732
-0.908157
-0.863443
-0.587353
-0.162421
0.274305
0.581327
0.664729
0.513150
0.201702
-0.136996
-0.364027
-0.386284
-0.192384
0.144949
0.496864
0.728812
0.750816
0.549755
0.191754
-0.205853
-0.519658
-0.666164
-0.628464
-0.456217
-0.238801
-0.065938
0.008752
-0.014171
-0.086443
-0.139526
-0.118276
-0.008487
0.157115
0.313776
0.396007
0.368879
0.245932
0.085161
-0.036349
-0.057426
0.036360
0.202374
0.354849
0.400497
0.279353
-0.004607
-0.377761
-0.719783
-0.907874
-0.863977
-0.588552
-0.163875
0.273118
0.580842
0.665133
0.514302
0.203185
-0.135879
-0.363414
-0.386543
-0.193239
0.143558
0.495610
0.728173
0.750928
0.550564
0.192928
-0.204762
-0.519023
-0.666164
-0.629018
-0.457051
-0.239550
-0.066273
0.008805
-0.013709
-0.086125
-0.139186
-0.118253
-0.008673
0.156721
0.313430
0.396092
0.369233
0.246486
0.085706
-0.036198
-0.057682
0.035624
0.201499
0.354180
0.400299
0.279878
-0.003617
-0.376527
-0.719023
-0.907589
-0.864449
-0.589619
-0.165261
0.271929
0.580448
0.665533
0.515391
0.204669
-0.134668
-0.362797
-0.386807
-0.194256
0.142226
0.494355
0.727562
0.751036
0.551381
0.193909
-0.203727
-0.518387
-0.666120
-0.629570
-0.457877
-0.240191
-0.066669
0.008859
-0.013315
-0.085632
-0.138850
-0.118232
-0.008947
0.156325
0.313151
0.396115
0.369592
0.247041
0.085997
-0.036044
-0.058005
0.034979
0.200616
0.353508
0.400288
0.280401
-0.002560
-0.375294
-0.718072
-0.907300
-0.864975
-0.590810
-0.166707
0.270749
0.579971
0.665945
0.516555
0.205972
-0.133371
-0.362165
-0.386990
-0.195271
0.140829
0.493231
0.726857
0.751112
0.552154
0.195046
-0.202669
-0.517785
-0.666144
-0.630143
-0.458715
-0.240941
-0.067054
0.009007
-0.013077
-0.085049
-0.138461
-0.118142
-0.009160
0.155910
0.313078
0.396126
0.369968
0.247624
0.086466
-0.035853
-0.058376
0.034225
0.199657
0.352727
0.400067
0.280776
-0.001565
-0.374331
-0.717139
-0.906979
-0.865466
-0.591889
-0.168101
0.269847
0.579558
0.666394
0.517782
0.207457
-0.132029
-0.361544
-0.387219
-0.196254
0.139417
0.492003
0.726115
0.751186
0.552702
0.196105
-0.201654
-0.517303
-0.666198
-0.630777
-0.459563
-0.241662
-0.067431
0.009098
-0.012625
-0.084481
-0.138044
-0.118034
-0.009351
0.155587
0.312857
0.396188
0.370347
0.248015
0.086932
-0.035739
-0.058792
0.033421
0.198690
0.351969
0.399842
0.281221
-0.000571
-0.373139
-0.716204
-0.906685
-0.865967
-0.593039
-0.169495
0.268725
0.579143
0.666869
0.518862
0.209012
-0.130685
-0.360939
-0.387444
-0.197265
0.138005
0.490702
0.725369
0.751215
0.553424
0.197191
-0.200638
-0.516736
-0.666247
-0.631366
-0.460226
-0.242414
-0.067810
0.009060
-0.012172
-0.083917
-0.137705
-0.117922
-0.009599
0.155266
0.312568
0.396250
0.370716
0.248569
0.087458
-0.035623
-0.059103
0.032618
0.197733
0.351405
0.399556
0.281662
0.000247
-0.371948
-0.715276
-0.906497
-0.866407
-0.594187
-0.170821
0.267601
0.578735
0.667341
0.520025
0.210565
-0.129407
-0.360268
-0.387674
-0.198273
0.136849
0.489400
0.724690
0.751153
0.554150
0.198280
-0.199812
-0.516164
-0.666364
-0.631955
-0.461080
-0.243167
-0.068132
0.009149
-0.011657
-0.083349
-0.137284
-0.117814
-0.009786
0.155137
0.312347
0.396309
0.371032
0.249122
0.087926
-0.035655
-0.059476
0.031814
0.196770
0.350642
0.399324
0.282105
0.001237
-0.370754
-0.714339
-0.906197
-0.866902
-0.595332
-0.172025
0.266478
0.578312
0.667775
0.521243
0.212121
-0.128222
-0.359596
-0.387893
-0.199279
0.135438
0.488098
0.723938
0.751173
0.554870
0.199365
-0.198792
-0.515593
-0.666412
-0.632355
-0.461927
-0.243920
-0.068525
0.009235
-0.011206
-0.082956
-0.136866
-0.117701
-0.009976
0.154743
0.312122
0.396325
0.371409
0.249705
0.088394
-0.035462
-0.059850
0.031059
0.195977
0.349849
0.399094
0.282482
0.002229
-0.369606
-0.713584
-0.905866
-0.867395
-0.596405
-0.173418
0.265392
0.577889
0.668210
0.522464
0.213605
-0.126875
-0.358963
-0.388110
-0.200092
0.134029
0.486865
0.723223
0.751238
0.555584
0.200233
-0.197776
-0.515089
-0.666454
-0.632985
-0.462773
-0.244646
-0.068909
0.009394
-0.010755
-0.082348
-0.136444
-0.117619
-0.010015
0.154418
0.311899
0.396448
0.371783
0.250257
0.088669
-0.035343
-0.060219
0.030258
0.195009
0.349089
0.398858
0.282921
0.003216
-0.368413
-0.712643
-0.905561
-0.867885
-0.597420
-0.174814
0.264265
0.577548
0.668675
0.523682
0.214962
-0.125523
-0.358285
-0.388322
-0.201094
0.132619
0.485558
0.722469
0.751253
0.556300
0.201316
-0.196754
-0.514513
-0.666390
-0.633567
-0.463619
-0.245291
-0.069293
0.009480
-0.010501
-0.081780
-0.136025
-0.117503
-0.010204
0.154098
0.311675
0.396503
0.372150
0.250809
0.089197
-0.035221
-0.060523
0.029542
0.194054
0.348323
0.398695
0.283353
0.004138
-0.367405
-0.711709
-0.905253
-0.868313
-0.598562
-0.176139
0.263133
0.577129
0.669138
0.524836
0.216517
-0.124241
-0.357602
-0.388481
-0.202094
0.131268
0.484400
0.721777
0.751269
0.556845
0.202404
-0.195794
-0.513936
-0.666495
-0.634149
-0.464472
-0.246046
-0.069621
0.009561
-0.009985
-0.081215
-0.135591
-0.117355
-0.010446
0.153777
0.311544
0.396559
0.372522
0.251201
0.089668
-0.035099
-0.060892
0.028747
0.193087
0.347560
0.398455
0.283786
0.005122
-0.366214
-0.710763
-0.904943
-0.868788
-0.599701
-0.177534
0.262179
0.576699
0.669592
0.525905
0.218069
-0.122886
-0.356919
-0.388687
-0.203092
0.129860
0.483090
0.721019
0.751278
0.557557
0.203486
-0.194774
-0.513369
-0.666534
-0.634728
-0.465132
-0.246803
-0.070009
0.009516
-0.009540
-0.080646
-0.135170
-0.117236
-0.010629
0.153453
0.311320
0.396612
0.372894
0.251753
0.090138
-0.034902
-0.061297
0.027992
0.192124
0.346954
0.398217
0.284141
0.005999
-0.365064
-0.709817
-0.904601
-0.869270
-0.600767
-0.178927
0.261091
0.576260
0.670019
0.527113
0.219551
-0.121533
-0.356340
-0.388891
-0.204059
0.128646
0.481854
0.720254
0.751249
0.558263
0.204539
-0.193749
-0.512861
-0.666567
-0.635352
-0.465977
-0.247532
-0.070398
0.009667
-0.009094
-0.080037
-0.134833
-0.117146
-0.010815
0.153254
0.311091
0.396622
0.373205
0.252333
0.090610
-0.034775
-0.061663
0.027199
0.191156
0.346188
0.397972
0.284566
0.006984
-0.363872
-0.708869
-0.904396
-0.869750
-0.601902
-0.180128
0.259953
0.575824
0.670434
0.528324
0.221102
-0.120175
-0.355649
-0.389092
-0.205052
0.127240
0.480542
0.719490
0.751252
0.558967
0.205625
-0.192860
-0.512274
-0.666601
-0.635746
-0.466821
-0.248290
-0.070799
0.009747
-0.008651
-0.079468
-0.134406
-0.117029
-0.010995
0.152930
0.310864
0.396672
0.373576
0.252884
0.091083
-0.034798
-0.062024
0.026403
0.190375
0.345417
0.397666
0.285010
0.007897
-0.362677
-0.707928
-0.904078
-0.870167
-0.603035
-0.181456
0.258817
0.575389
0.670884
0.529469
0.222657
-0.119048
-0.354958
-0.389299
-0.205883
0.125890
0.479231
0.718788
0.751253
0.559682
0.206706
-0.191891
-0.511688
-0.666701
-0.636320
-0.467674
-0.249050
-0.071132
0.009822
-0.008139
-0.079076
-0.133974
-0.116907
-0.011094
0.152610
0.310566
0.396723
0.373937
0.253435
0.091614
-0.034668
-0.062319
0.025613
0.189407
0.344644
0.397421
0.285431
0.008879
-0.361485
-0.707162
-0.903757
-0.870640
-0.604043
-0.182848
0.257676
0.574946
0.671326
0.530675
0.224211
-0.117690
-0.354261
-0.389494
-0.206873
0.124485
0.477916
0.718058
0.751256
0.560382
0.207599
-0.190868
-0.511101
-0.666623
-0.636895
-0.468517
-0.249810
-0.071527
0.009898
-0.007694
-0.078507
-0.133549
-0.116789
-0.011274
0.152289
0.310335
0.396838
0.374304
0.253986
0.091893
-0.034536
-0.062677
0.024901
0.188439
0.343869
0.397173
0.285781
0.009856
-0.360338
-0.706211
-0.903404
-0.871111
-0.605100
-0.184241
0.256577
0.574587
0.671742
0.531879
0.225497
-0.116331
-0.353608
-0.389627
-0.207831
0.123077
0.476675
0.717287
0.751295
0.561080
0.208654
-0.189839
-0.510581
-0.666651
-0.637513
-0.469360
-0.250429
-0.071922
0.010045
-0.007441
-0.077901
-0.133119
-0.116660
-0.011452
0.151889
0.310106
0.396843
0.374671
0.254564
0.092369
-0.034333
-0.063036
0.024153
0.187471
0.343074
0.397052
0.286197
0.010832
-0.359329
-0.705254
-0.903078
-0.871571
-0.606228
-0.185639
0.255436
0.574139
0.672183
0.533081
0.227043
-0.114967
-0.352905
-0.389816
-0.208816
0.121673
0.475508
0.716510
0.751288
0.561612
0.209733
-0.188814
-0.510008
-0.666676
-0.638080
-0.470203
-0.251191
-0.072319
0.010118
-0.007005
-0.077332
-0.132688
-0.116535
-0.011639
0.151568
0.310042
0.396890
0.375038
0.254955
0.092844
-0.034200
-0.063437
0.023361
0.186512
0.342298
0.396796
0.286611
0.011807
-0.358132
-0.704308
-0.902748
-0.871978
-0.607358
-0.186963
0.254472
0.573698
0.672621
0.534071
0.228596
-0.113669
-0.352268
-0.390010
-0.209799
0.120326
0.474189
0.715798
0.751285
0.562315
0.210812
-0.187846
-0.509415
-0.666761
-0.638650
-0.470869
-0.251953
-0.072659
0.010061
-0.006496
-0.076762
-0.132339
-0.116417
-0.011873
0.151248
0.309744
0.396937
0.375391
0.255505
0.093378
-0.034066
-0.063726
0.022579
0.185554
0.341712
0.396480
0.287022
0.012616
-0.356939
-0.703350
-0.902530
-0.872442
-0.608483
-0.188355
0.253328
0.573244
0.673046
0.535269
0.230149
-0.112302
-0.351560
-0.390195
-0.210779
0.119116
0.472869
0.715023
0.751192
0.563007
0.211890
-0.186952
-0.508812
-0.666782
-0.639219
-0.471711
-0.252716
-0.073061
0.010131
-0.006055
-0.076193
-0.131915
-0.116290
-0.012049
0.151123
0.309513
0.396977
0.375698
0.256054
0.093854
-0.034082
-0.064073
0.021789
0.184586
0.340932
0.396220
0.287439
0.013587
-0.355747
-0.702391
-0.902195
-0.872901
-0.609532
-0.189557
0.252227
0.572778
0.673419
0.536465
0.231629
-0.111100
-0.350899
-0.390374
-0.211729
0.117712
0.471625
0.714238
0.751221
0.563696
0.212939
-0.185915
-0.508287
-0.666801
-0.639648
-0.472553
-0.253452
-0.073468
0.010272
-0.005616
-0.075765
-0.131482
-0.116188
-0.012224
0.150730
0.309275
0.396977
0.376062
0.256631
0.094331
-0.033868
-0.064426
0.021046
0.183790
0.340124
0.395966
0.287794
0.014558
-0.354599
-0.701615
-0.901830
-0.873358
-0.610653
-0.190948
0.251071
0.572318
0.673847
0.537658
0.233181
-0.109737
-0.350185
-0.390550
-0.212547
0.116310
0.470303
0.713496
0.751202
0.564384
0.213832
-0.184886
-0.507688
-0.666817
-0.640214
-0.473392
-0.254217
-0.073870
0.010339
-0.005183
-0.075195
-0.131048
-0.116058
-0.012257
0.150402
0.309042
0.397089
0.376424
0.257180
0.094616
-0.033730
-0.064776
0.020259
0.182822
0.339351
0.395701
0.288199
0.015527
-0.353402
-0.700652
-0.901489
-0.873811
-0.611648
-0.192346
0.249922
0.571958
0.674273
0.538792
0.234530
-0.108433
-0.349468
-0.390733
-0.213521
0.114965
0.468979
0.712775
0.751181
0.565089
0.214908
-0.183914
-0.507087
-0.666797
-0.640773
-0.474244
-0.254868
-0.074216
0.010400
-0.004867
-0.074625
-0.130603
-0.115927
-0.012497
0.150082
0.308741
0.397131
0.376775
0.257728
0.095152
-0.033590
-0.065058
0.019553
0.181873
0.338567
0.395511
0.288602
0.016433
-0.352391
-0.699698
-0.901146
-0.874204
-0.612770
-0.193670
0.248771
0.571493
0.674696
0.539973
0.236082
-0.107060
-0.348749
-0.390850
-0.214492
0.113562
0.467807
0.711983
0.751165
0.565601
0.215983
-0.182883
-0.506483
-0.666803
-0.641335
-0.475085
-0.255633
-0.074624
0.010464
-0.004430
-0.074056
-0.130167
-0.115774
-0.012669
0.149763
0.308674
0.397172
0.377133
0.258119
0.095631
-0.033448
-0.065405
0.018776
0.180905
0.337783
0.395242
0.289010
0.017399
-0.351198
-0.698732
-0.900801
-0.874650
-0.613885
-0.195061
0.247797
0.571024
0.675106
0.541019
0.237560
-0.105685
-0.348076
-0.391017
-0.215435
0.112160
0.466554
0.711195
0.751183
0.566282
0.217031
-0.181851
-0.505964
-0.666813
-0.641941
-0.475737
-0.256373
-0.075031
0.010599
-0.003993
-0.073440
-0.129738
-0.115667
-0.012841
0.149370
0.308439
0.397161
0.377492
0.258694
0.096110
-0.033233
-0.065791
0.018038
0.179937
0.337163
0.394979
0.289335
0.018363
-0.350051
-0.697764
-0.900425
-0.875095
-0.614926
-0.196452
0.246688
0.570544
0.675495
0.542204
0.239111
-0.104316
-0.347423
-0.391180
-0.216402
0.110954
0.465231
0.710398
0.751154
0.566962
0.218105
-0.180810
-0.505357
-0.666821
-0.642500
-0.476575
-0.257141
-0.075440
0.010538
-0.003558
-0.072878
-0.129395
-0.115533
-0.013012
0.149245
0.308197
0.397199
0.377849
0.259242
0.096591
-0.033084
-0.066135
0.017255
0.178969
0.336385
0.394706
0.289731
0.019226
-0.348858
-0.696793
-0.900190
-0.875537
-0.616037
-0.197653
0.245525
0.570070
0.675908
0.543387
0.240653
-0.102938
-0.346695
-0.391352
-0.217367
0.109613
0.463903
0.709667
0.751043
0.567650
0.219188
-0.179960
-0.504732
-0.666875
-0.642858
-0.477416
-0.257909
-0.075807
0.010565
-0.003101
-0.072364
-0.129017
-0.115479
-0.013328
0.148838
0.307822
0.397181
0.378112
0.259789
0.097165
-0.033022
-0.066305
0.016609
0.178342
0.335761
0.394540
0.290283
0.020255
-0.347565
-0.695782
-0.899837
-0.875977
-0.617262
-0.199145
0.244160
0.569364
0.676033
0.544255
0.241973
-0.101989
-0.346106
-0.391584
-0.218172
0.108292
0.462730
0.709092
0.751294
0.568653
0.220599
-0.178599
-0.503829
-0.666639
-0.643246
-0.478168
-0.258680
-0.076310
0.010453
-0.002914
-0.072268
-0.128905
-0.115681
-0.013684
0.148226
0.307347
0.397049
0.378381
0.260338
0.097736
-0.032705
-0.066405
0.016123
0.177701
0.335310
0.394589
0.290990
0.021454
-0.346204
-0.694911
-0.899482
-0.876503
-0.618419
-0.200776
0.242707
0.568556
0.676102
0.545107
0.243230
-0.100847
-0.345541
-0.391825
-0.219131
0.106981
0.461642
0.708576
0.751596
0.569654
0.221790
-0.177237
-0.502995
-0.666302
-0.643677
-0.478920
-0.259425
-0.076812
0.010411
-0.002721
-0.071954
-0.128801
-0.115908
-0.014179
0.147542
0.306870
0.396942
0.378650
0.260912
0.098111
-0.032313
-0.066504
0.015761
0.177061
0.334831
0.394636
0.291599
0.022651
-0.344888
-0.693850
-0.899097
-0.877025
-0.619623
-0.202407
0.241298
0.567842
0.676140
0.545956
0.244220
-0.099704
-0.345019
-0.392010
-0.220062
0.105670
0.460480
0.708010
0.751849
0.570652
0.223201
-0.175874
-0.502087
-0.666062
-0.644061
-0.479672
-0.260079
-0.077315
0.010296
-0.002719
-0.071677
-0.128688
-0.116089
-0.014674
0.146930
0.306393
0.396807
0.378917
0.261459
0.098683
-0.031993
-0.066601
0.015277
0.176420
0.334377
0.394818
0.292279
0.023848
-0.343708
-0.692788
-0.898737
-0.877543
-0.620897
-0.204037
0.239842
0.567029
0.676203
0.546804
0.245475
-0.098560
-0.344449
-0.392246
-0.221017
0.104360
0.459471
0.707509
0.752099
0.571490
0.224610
-0.174566
-0.501201
-0.665888
-0.644444
-0.480434
-0.260851
-0.077762
0.010179
-0.002460
-0.071401
-0.128562
-0.116288
-0.015233
0.146310
0.306015
0.396670
0.379171
0.261849
0.099312
-0.031671
-0.066677
0.014793
0.175791
0.333922
0.394803
0.292956
0.024974
-0.342346
-0.691735
-0.898372
-0.878003
-0.622169
-0.205599
0.238564
0.566224
0.676262
0.547453
0.246730
-0.097482
-0.343950
-0.392490
-0.221970
0.103107
0.458307
0.706937
0.752346
0.572484
0.226019
-0.173201
-0.500289
-0.665643
-0.644824
-0.480995
-0.261623
-0.078268
0.009942
-0.002269
-0.071124
-0.128543
-0.116485
-0.015726
0.145697
0.305529
0.396532
0.379435
0.262395
0.099884
-0.031349
-0.066771
0.014312
0.175151
0.333660
0.394844
0.293631
0.026070
-0.340984
-0.690668
-0.898124
-0.878517
-0.623439
-0.207229
0.237105
0.565405
0.676317
0.548296
0.247985
-0.096335
-0.343374
-0.392719
-0.222921
0.101993
0.457141
0.706363
0.752515
0.573477
0.227401
-0.171973
-0.499447
-0.665396
-0.645249
-0.481745
-0.262370
-0.078775
0.009895
-0.002080
-0.070802
-0.128427
-0.116707
-0.016218
0.145207
0.305049
0.396342
0.379645
0.262967
0.100457
-0.031107
-0.066864
0.013877
0.174510
0.333176
0.394883
0.294232
0.027262
-0.339668
-0.689600
-0.897728
-0.879027
-0.624634
-0.208669
0.235691
0.564583
0.676318
0.549137
0.249166
-0.095356
-0.342843
-0.392946
-0.223844
0.100684
0.456046
0.705786
0.752803
0.574467
0.228809
-0.170606
-0.498531
-0.665146
-0.645445
-0.482493
-0.263144
-0.079283
0.009774
-0.001891
-0.070705
-0.128310
-0.116902
-0.016709
0.144594
0.304568
0.396201
0.379907
0.263512
0.101030
-0.030782
-0.066955
0.013397
0.174039
0.332718
0.394919
0.294929
0.028453
-0.338306
-0.688719
-0.897356
-0.879535
-0.625900
-0.210298
0.234228
0.563759
0.676368
0.549976
0.250420
-0.094207
-0.342262
-0.393170
-0.224637
0.099376
0.454878
0.705257
0.753042
0.575455
0.230022
-0.169238
-0.497612
-0.664962
-0.645820
-0.483253
-0.263918
-0.079735
0.009653
-0.001635
-0.070428
-0.128180
-0.117095
-0.017118
0.143982
0.304018
0.396133
0.380156
0.264056
0.101662
-0.030455
-0.066976
0.012965
0.173410
0.332232
0.394896
0.295526
0.029575
-0.336990
-0.687660
-0.896954
-0.879983
-0.626973
-0.211858
0.232811
0.563041
0.676389
0.550755
0.251600
-0.093125
-0.341726
-0.393403
-0.225556
0.098124
0.453780
0.704743
0.753324
0.576452
0.231402
-0.167982
-0.496764
-0.664679
-0.646240
-0.484012
-0.264547
-0.080189
0.009602
-0.001379
-0.070105
-0.128049
-0.117313
-0.017665
0.143298
0.303467
0.395943
0.380403
0.264625
0.102098
-0.030051
-0.066989
0.012561
0.172781
0.331780
0.395020
0.296200
0.030701
-0.335622
-0.686596
-0.896576
-0.880430
-0.628239
-0.213425
0.231338
0.562214
0.676424
0.551524
0.252651
-0.092048
-0.341145
-0.393586
-0.226500
0.096876
0.452769
0.704233
0.753565
0.577439
0.232799
-0.166621
-0.495849
-0.664429
-0.646616
-0.484761
-0.265322
-0.080699
0.009482
-0.001374
-0.069819
-0.127920
-0.117471
-0.018145
0.142693
0.303160
0.395803
0.380663
0.265168
0.102669
-0.029726
-0.067082
0.012085
0.172141
0.331309
0.395041
0.296857
0.031881
-0.334444
-0.685523
-0.896194
-0.880927
-0.629494
-0.215046
0.230060
0.561390
0.676474
0.552364
0.253910
-0.090888
-0.340552
-0.393799
-0.227441
0.095566
0.451592
0.703640
0.753786
0.578261
0.234213
-0.165242
-0.494944
-0.664163
-0.647027
-0.485315
-0.266072
-0.081214
0.009423
-0.001195
-0.069503
-0.127807
-0.117696
-0.018642
0.142001
0.302669
0.395605
0.380917
0.265581
0.103246
-0.029319
-0.067212
0.011664
0.171509
0.331023
0.395078
0.297455
0.033074
-0.333123
-0.684444
-0.895784
-0.881425
-0.630684
-0.216680
0.228631
0.560546
0.676477
0.553049
0.255081
-0.089740
-0.340090
-0.394014
-0.228355
0.094457
0.450495
0.703056
0.754068
0.579249
0.235601
-0.163879
-0.494097
-0.663908
-0.647399
-0.486063
-0.266848
-0.081726
0.009183
-0.001003
-0.069217
-0.127776
-0.117876
-0.019120
0.141590
0.302190
0.395462
0.381174
0.266123
0.103819
-0.028992
-0.067302
0.011181
0.170860
0.330549
0.395095
0.298107
0.034156
-0.331764
-0.683368
-0.895518
-0.881915
-0.631935
-0.218112
0.227170
0.559716
0.676520
0.553885
0.256340
-0.088578
-0.339492
-0.394222
-0.229292
0.093148
0.449315
0.702457
0.754212
0.580217
0.236995
-0.162637
-0.493161
-0.663638
-0.647581
-0.486805
-0.267625
-0.082188
0.009050
-0.000757
-0.068947
-0.127650
-0.118072
-0.019671
0.140970
0.301629
0.395308
0.381365
0.266664
0.104453
-0.028812
-0.067309
0.010716
0.170409
0.330092
0.395071
0.298773
0.035277
-0.330396
-0.682297
-0.895128
-0.882350
-0.633192
-0.219677
0.225691
0.558879
0.676520
0.554645
0.257581
-0.087667
-0.338901
-0.394443
-0.230074
0.091900
0.448143
0.701937
0.754441
0.581214
0.238407
-0.161311
-0.492222
-0.663433
-0.647950
-0.487563
-0.268402
-0.082700
0.008925
-0.000567
-0.068843
-0.127517
-0.118250
-0.020012
0.140366
0.301149
0.395161
0.381620
0.267204
0.105027
-0.028482
-0.067396
0.010236
0.169760
0.329616
0.395084
0.299449
0.036452
-0.329037
-0.681407
-0.894735
-0.882834
-0.634323
-0.221297
0.224226
0.558043
0.676557
0.555477
0.258838
-0.086503
-0.338298
-0.394645
-0.231007
0.090592
0.446961
0.701386
0.754651
0.582178
0.239606
-0.159946
-0.491297
-0.663076
-0.648307
-0.488304
-0.269179
-0.083220
0.008789
-0.000390
-0.068526
-0.127402
-0.118469
-0.020506
0.139674
0.300654
0.395036
0.381869
0.267769
0.105410
-0.028070
-0.067468
0.009891
0.169128
0.329132
0.395113
0.300039
0.037639
-0.327716
-0.680320
-0.894314
-0.883320
-0.635504
-0.222929
0.222791
0.557289
0.676548
0.556289
0.259814
-0.085350
-0.337749
-0.394802
-0.231913
0.089290
0.445858
0.700792
0.754922
0.583157
0.240991
-0.158562
-0.490426
-0.662799
-0.648710
-0.489043
-0.269810
-0.083737
0.008734
-0.000390
-0.068240
-0.127267
-0.118622
-0.020981
0.139070
0.300172
0.394887
0.382122
0.268308
0.105984
-0.027739
-0.067551
0.009413
0.168479
0.328653
0.395262
0.300683
0.038811
-0.326536
-0.679237
-0.893916
-0.883802
-0.636747
-0.224548
0.221324
0.556448
0.676580
0.557116
0.261070
-0.084183
-0.337141
-0.394998
-0.232842
0.087983
0.444831
0.700183
0.755126
0.583950
0.242383
-0.157194
-0.489526
-0.662532
-0.649073
-0.489787
-0.270589
-0.084260
0.008595
-0.000215
-0.067970
-0.127150
-0.118815
-0.021529
0.138449
0.299778
0.394727
0.382355
0.268694
0.106619
-0.027396
-0.067607
0.008952
0.167860
0.328192
0.395231
0.301340
0.039927
-0.325167
-0.678160
-0.893514
-0.884226
-0.637996
-0.226110
0.220021
0.555600
0.676590
0.557732
0.262309
-0.083097
-0.336619
-0.395209
-0.233769
0.086737
0.443653
0.699653
0.755344
0.584938
0.243792
-0.155864
-0.488579
-0.662318
-0.649425
-0.490349
-0.271367
-0.084728
0.008340
0.000028
-0.067683
-0.127102
-0.118988
-0.022002
0.137845
0.299294
0.394576
0.382604
0.269232
0.107194
-0.027062
-0.067687
0.008476
0.167211
0.327905
0.395236
0.301979
0.041003
-0.323808
-0.677073
-0.893110
-0.884697
-0.639234
-0.227728
0.218551
0.554754
0.676614
0.558555
0.263564
-0.081927
-0.336006
-0.395399
-0.234694
0.085626
0.442466
0.699038
0.755472
0.585893
0.245182
-0.154495
-0.487646
-0.662046
-0.649784
-0.491091
-0.272147
-0.085249
0.008209
0.000214
-0.067413
-0.126983
-0.119177
-0.022492
0.137418
0.298797
0.394366
0.382802
0.269794
0.107774
-0.026645
-0.067754
0.008065
0.166580
0.327417
0.395256
0.302560
0.042185
-0.322486
-0.675980
-0.892801
-0.885171
-0.640407
-0.229171
0.217111
0.553887
0.676574
0.559358
0.264730
-0.080770
-0.335448
-0.395592
-0.235592
0.084325
0.441358
0.698434
0.755732
0.586864
0.246565
-0.153249
-0.486767
-0.661758
-0.650001
-0.491828
-0.272902
-0.085770
0.008138
0.000387
-0.067094
-0.126863
-0.119391
-0.022964
0.136742
0.298311
0.394211
0.383050
0.270331
0.108350
-0.026467
-0.067831
0.007591
0.166097
0.326933
0.395256
0.303226
0.043352
-0.321127
-0.674890
-0.892391
-0.885637
-0.641641
-0.230789
0.215638
0.553035
0.676593
0.560176
0.265983
-0.079770
-0.334830
-0.395776
-0.236362
0.083020
0.440168
0.697870
0.755925
0.587814
0.247953
-0.151879
-0.485830
-0.661482
-0.650357
-0.492569
-0.273682
-0.086293
0.008004
0.000571
-0.066990
-0.126725
-0.119560
-0.023319
0.136122
0.297812
0.394127
0.383291
0.270867
0.108986
-0.026120
-0.067825
0.007135
0.165479
0.326467
0.395217
0.303875
0.044462
-0.319758
-0.673996
-0.891978
-0.886048
-0.642768
-0.232349
0.214148
0.552279
0.676590
0.560918
0.267220
-0.078679
-0.334218
-0.395976
-0.237281
0.081776
0.438985
0.697330
0.756131
0.588794
0.249165
-0.150545
-0.484874
-0.661166
-0.650701
-0.493318
-0.274339
-0.086766
0.007859
0.000811
-0.066720
-0.126589
-0.119746
-0.023862
0.135502
0.297242
0.393970
0.383522
0.271402
0.109368
-0.025780
-0.067899
0.006732
0.164830
0.325981
0.395356
0.304505
0.045626
-0.318398
-0.672903
-0.891562
-0.886508
-0.643997
-0.233966
0.212672
0.551422
0.676603
0.561732
0.268279
-0.077505
-0.333595
-0.396111
-0.238197
0.080472
0.437952
0.696705
0.756318
0.589741
0.250552
-0.149172
-0.483933
-0.660885
-0.651053
-0.494057
-0.275120
-0.087292
0.007721
0.000807
-0.066433
-0.126449
-0.119894
-0.024331
0.134898
0.296927
0.393802
0.383760
0.271937
0.109949
-0.025431
-0.067959
0.006325
0.164199
0.325488
0.395368
0.305077
0.046802
-0.317254
-0.671802
-0.891119
-0.886976
-0.645162
-0.235594
0.211410
0.550545
0.676570
0.562525
0.269443
-0.076343
-0.333027
-0.396292
-0.239088
0.079173
0.436839
0.696091
0.756565
0.590537
0.251932
-0.147781
-0.483078
-0.660588
-0.651441
-0.494600
-0.275877
-0.087823
0.007645
0.000977
-0.066114
-0.126325
-0.120102
-0.024818
0.134207
0.296425
0.393585
0.383997
0.272344
0.110526
-0.025017
-0.068089
0.005856
0.163551
0.325195
0.395360
0.305703
0.047963
-0.315894
-0.670705
-0.890697
-0.887430
-0.646387
-0.237210
0.209931
0.549682
0.676577
0.563202
0.270694
-0.075166
-0.332480
-0.396465
-0.240000
0.078065
0.435643
0.695461
0.756747
0.591479
0.253318
-0.146407
-0.482133
-0.660302
-0.651789
-0.495338
-0.276659
-0.088352
0.007393
0.001158
-0.065827
-0.126287
-0.120267
-0.025285
0.133795
0.295935
0.393423
0.384237
0.272878
0.111108
-0.024665
-0.068146
0.005403
0.162920
0.324724
0.395313
0.306343
0.048977
-0.314524
-0.669615
-0.890398
-0.887829
-0.647619
-0.238582
0.208435
0.548813
0.676562
0.563935
0.271928
-0.074071
-0.331859
-0.396654
-0.240910
0.076822
0.434456
0.694910
0.756874
0.592450
0.254721
-0.145213
-0.481169
-0.660069
-0.651949
-0.496084
-0.277441
-0.088831
0.007243
0.001395
-0.065555
-0.126148
-0.120449
-0.025825
0.133176
0.295362
0.393251
0.384415
0.273410
0.111746
-0.024472
-0.068132
0.004937
0.162450
0.324233
0.395300
0.306965
0.050135
-0.313164
-0.668514
-0.889971
-0.888277
-0.648840
-0.240196
0.206954
0.547944
0.676545
0.564740
0.273177
-0.073065
-0.331226
-0.396821
-0.241669
0.075520
0.433258
0.694275
0.757049
0.593388
0.256104
-0.143837
-0.480220
-0.659778
-0.652293
-0.496820
-0.278224
-0.089352
0.007100
0.001575
-0.065452
-0.126004
-0.120611
-0.026159
0.132572
0.294871
0.393087
0.384653
0.273943
0.112324
-0.024127
-0.068199
0.004486
0.161819
0.323760
0.395304
0.307635
0.051306
-0.311843
-0.667598
-0.889517
-0.888726
-0.649884
-0.241823
0.205503
0.547055
0.676500
0.565524
0.274338
-0.071899
-0.330648
-0.396991
-0.242552
0.074223
0.432140
0.693709
0.757286
0.594341
0.257288
-0.142443
-0.479324
-0.659382
-0.652675
-0.497551
-0.278984
-0.089889
0.007019
0.001741
-0.065132
-0.125877
-0.120813
-0.026642
0.131880
0.294365
0.392947
0.384885
0.274497
0.112712
-0.023700
-0.068251
0.004086
0.161188
0.323262
0.395288
0.308180
0.052462
-0.310483
-0.666494
-0.889084
-0.889167
-0.651101
-0.243436
0.204019
0.546287
0.676495
0.566324
0.275394
-0.070718
-0.330010
-0.397152
-0.243456
0.072922
0.430940
0.693069
0.757455
0.595274
0.258670
-0.141066
-0.478370
-0.659086
-0.653015
-0.498286
-0.279641
-0.090422
0.006873
0.001733
-0.064845
-0.125731
-0.120973
-0.027106
0.131277
0.293872
0.392780
0.385120
0.275028
0.113291
-0.023352
-0.068315
0.003688
0.160539
0.322768
0.395432
0.308811
0.053630
-0.309289
-0.665383
-0.888648
-0.889555
-0.652324
-0.244992
0.202518
0.545408
0.676467
0.567048
0.276625
-0.069618
-0.329379
-0.397289
-0.244358
0.071681
0.429908
0.692509
0.757638
0.596073
0.260069
-0.139724
-0.477398
-0.658844
-0.653344
-0.499029
-0.280425
-0.090906
0.006718
0.001967
-0.064573
-0.125587
-0.121135
-0.027642
0.130657
0.293470
0.392603
0.385335
0.275410
0.113929
-0.022994
-0.068295
0.003241
0.159923
0.322291
0.395375
0.309440
0.054713
-0.307929
-0.664290
-0.888209
-0.890000
-0.653537
-0.246605
0.201215
0.544528
0.676455
0.567713
0.277871
-0.068435
-0.328736
-0.397445
-0.245257
0.070382
0.428705
0.691863
0.757802
0.597002
0.261450
-0.138345
-0.476477
-0.658543
-0.653681
-0.499571
-0.281209
-0.091441
0.006459
0.002144
-0.064286
-0.125440
-0.121292
-0.028104
0.130054
0.292975
0.392433
0.385567
0.275940
0.114509
-0.022644
-0.068416
0.002780
0.159275
0.321990
0.395353
0.310051
0.055790
-0.306558
-0.663176
-0.887767
-0.890437
-0.654756
-0.248229
0.199759
0.543629
0.676398
0.568488
0.279029
-0.067263
-0.328233
-0.397603
-0.246132
0.069282
0.427582
0.691228
0.757962
0.597946
0.262825
-0.136947
-0.475573
-0.658227
-0.654055
-0.500299
-0.281971
-0.091983
0.006373
0.002307
-0.063965
-0.125416
-0.121490
-0.028583
0.129555
0.292466
0.392204
0.385754
0.276491
0.115093
-0.022211
-0.068463
0.002384
0.158645
0.321488
0.395346
0.310604
0.056953
-0.305237
-0.662060
-0.887427
-0.890866
-0.655892
-0.249655
0.198270
0.542744
0.676366
0.569278
0.280275
-0.066077
-0.327585
-0.397753
-0.247027
0.067983
0.426377
0.690578
0.758121
0.598870
0.264204
-0.135713
-0.474611
-0.657921
-0.654212
-0.501030
-0.282756
-0.092509
0.006222
0.002482
-0.063677
-0.125267
-0.121645
-0.029044
0.128951
0.291970
0.392032
0.385984
0.277019
0.115674
-0.022021
-0.068520
0.001925
0.158160
0.320989
0.395320
0.311247
0.058102
-0.303877
-0.660948
-0.886980
-0.891296
-0.657106
-0.251279
0.196763
0.541839
0.676326
0.569994
0.281503
-0.065148
-0.326944
-0.397921
-0.247773
0.066744
0.425180
0.690069
0.758291
0.599824
0.265601
-0.134368
-0.473631
-0.657669
-0.654534
-0.501771
-0.283542
-0.092998
0.006061
0.002713
-0.063590
-0.125120
-0.121817
-0.029447
0.128332
0.291390
0.391934
0.386193
0.277547
0.116313
-0.021658
-0.068494
0.001483
0.157545
0.320508
0.395254
0.311867
0.059193
-0.302506
-0.660035
-0.886529
-0.891669
-0.658209
-0.252820
0.195271
0.541071
0.676302
0.570780
0.282746
-0.063960
-0.326290
-0.398065
-0.248664
0.065447
0.423972
0.689414
0.758444
0.600744
0.266783
-0.132986
-0.472666
-0.657272
-0.654863
-0.502501
-0.284200
-0.093538
0.005907
0.002886
-0.063303
-0.124969
-0.121970
-0.029906
0.127729
0.290892
0.391760
0.386420
0.278074
0.116699
-0.021303
-0.068548
0.001089
0.156897
0.320007
0.395371
0.312469
0.060339
-0.301146
-0.658919
-0.886076
-0.892089
-0.659411
-0.254442
0.193761
0.540161
0.676256
0.571545
0.283782
-0.062785
-0.325693
-0.398173
-0.249531
0.064154
0.423006
0.688769
0.758657
0.601679
0.268155
-0.131585
-0.471753
-0.656946
-0.655229
-0.503225
-0.284963
-0.094084
0.005815
0.002861
-0.062981
-0.124835
-0.122150
-0.030382
0.127038
0.290556
0.391525
0.386641
0.278622
0.117285
-0.020866
-0.068588
0.000698
0.156267
0.319501
0.395356
0.313014
0.061497
-0.300000
-0.657797
-0.885598
-0.892523
-0.660547
-0.256064
0.192485
0.539248
0.676203
0.572326
0.284952
-0.061595
-0.325035
-0.398312
-0.250418
0.062858
0.421797
0.688108
0.758804
0.602431
0.269531
-0.130201
-0.470822
-0.656631
-0.655555
-0.503761
-0.285750
-0.094627
0.005659
0.003032
-0.062694
-0.124682
-0.122300
-0.030839
0.126435
0.290056
0.391347
0.386866
0.279001
0.117866
-0.020509
-0.068703
0.000243
0.155619
0.319193
0.395321
0.313611
0.062640
-0.298639
-0.656678
-0.885139
-0.892937
-0.661744
-0.257672
0.190988
0.538350
0.676150
0.572959
0.286178
-0.060417
-0.324471
-0.398453
-0.251303
0.061816
0.420594
0.687528
0.758963
0.603377
0.270924
-0.128853
-0.469835
-0.656370
-0.655868
-0.504499
-0.286537
-0.095121
0.005385
0.003260
-0.062421
-0.124640
-0.122468
-0.031367
0.126008
0.289473
0.391158
0.387068
0.279525
0.118506
-0.020141
-0.068671
-0.000195
0.155005
0.318707
0.395248
0.314222
0.063640
-0.297269
-0.655567
-0.884807
-0.893298
-0.662947
-0.259223
0.189475
0.537446
0.676095
0.573663
0.287402
-0.059294
-0.323808
-0.398601
-0.252185
0.060521
0.419382
0.686862
0.759041
0.604288
0.272298
-0.127615
-0.468861
-0.656050
-0.656190
-0.505226
-0.287325
-0.095667
0.005226
0.003430
-0.062133
-0.124486
-0.122616
-0.031823
0.125405
0.288972
0.390978
0.387253
0.280050
0.119089
-0.019945
-0.068719
-0.000647
0.154358
0.318202
0.395210
0.314815
0.064780
-0.295908
-0.654445
-0.884343
-0.893706
-0.664139
-0.260646
0.187976
0.536543
0.676044
0.574437
0.288642
-0.058290
-0.323152
-0.398737
-0.253066
0.059231
0.418178
0.686207
0.759244
0.605214
0.273667
-0.126211
-0.467941
-0.655715
-0.656374
-0.505946
-0.288090
-0.096203
0.005129
0.003586
-0.061997
-0.124349
-0.122803
-0.032295
0.124715
0.288457
0.390737
0.387469
0.280595
0.119675
-0.019504
-0.068753
-0.001033
0.153890
0.317691
0.395187
0.315391
0.065932
-0.294587
-0.653508
-0.883853
-0.894115
-0.665267
-0.262266
0.186510
0.535618
0.675960
0.575191
0.289793
-0.057109
-0.322544
-0.398869
-0.253776
0.057937
0.417035
0.685601
0.759379
0.606120
0.274844
-0.124824
-0.466963
-0.655390
-0.656692
-0.506672
-0.288879
-0.096751
0.004967
0.003754
-0.061709
-0.124193
-0.122949
-0.032622
0.124112
0.287954
0.390642
0.387689
0.281118
0.120063
-0.019142
-0.068798
-0.001482
0.153243
0.317184
0.395144
0.315980
0.067069
-0.293227
-0.652382
-0.883384
-0.894516
-0.666348
-0.263872
0.185008
0.534820
0.675914
0.575960
0.290841
-0.055914
-0.321873
-0.398993
-0.254653
0.056648
0.415828
0.684941
0.759526
0.607057
0.276234
-0.123472
-0.465967
-0.655035
-0.656998
-0.507406
-0.289537
-0.097250
0.004795
0.003795
-0.061437
-0.124038
-0.123112
-0.033146
0.123494
0.287368
0.390448
0.387885
0.281639
0.120704
-0.018770
-0.068759
-0.001856
0.152630
0.316694
0.395212
0.316582
0.068148
-0.292030
-0.651266
-0.882910
-0.894865
-0.667542
-0.265421
0.183490
0.533906
0.675846
0.576655
0.292062
-0.054800
-0.321210
-0.399100
-0.255527
0.055414
0.414783
0.684335
0.759655
0.607798
0.277604
-0.122084
-0.464986
-0.654706
-0.657312
-0.508130
-0.290326
-0.097800
0.004631
0.003962
-0.061149
-0.123880
-0.123246
-0.033598
0.122891
0.287040
0.390262
0.388102
0.282016
0.121288
-0.018405
-0.068801
-0.002303
0.151983
0.316184
0.395165
0.317166
0.069283
-0.290669
-0.650137
-0.882435
-0.895276
-0.668726
-0.267026
0.182171
0.532992
0.675794
0.577293
0.293299
-0.053603
-0.320534
-0.399219
-0.256399
0.054122
0.413566
0.683670
0.759796
0.608714
0.278992
-0.120677
-0.464099
-0.654360
-0.657664
-0.508655
-0.291093
-0.098356
0.004422
0.004115
-0.060826
-0.123739
-0.123428
-0.034067
0.122202
0.286522
0.390015
0.388312
0.282558
0.121876
-0.017959
-0.068896
-0.002684
0.151354
0.315865
0.395134
0.317693
0.070346
-0.289349
-0.649002
-0.881934
-0.895673
-0.669845
-0.268643
0.180700
0.532057
0.675698
0.578037
0.294447
-0.052417
-0.320006
-0.399340
-0.257247
0.053029
0.412427
0.683002
0.759926
0.609629
0.280339
-0.119287
-0.463113
-0.654026
-0.657973
-0.509376
-0.291883
-0.098908
0.004255
0.004279
-0.060538
-0.123692
-0.123569
-0.034518
0.121790
0.286016
0.389827
0.388492
0.283078
0.122460
-0.017592
-0.068935
-0.003130
0.150708
0.315353
0.395083
0.318273
0.071477
-0.287988
-0.647869
-0.881585
-0.896062
-0.671023
-0.270064
0.179194
0.531137
0.675631
0.578797
0.295682
-0.051218
-0.319326
-0.399452
-0.258114
0.051739
0.411206
0.682319
0.760046
0.610523
0.281725
-0.118028
-0.462110
-0.653676
-0.658098
-0.510108
-0.292673
-0.099396
0.004078
0.004501
-0.060266
-0.123533
-0.123727
-0.035038
0.121172
0.285426
0.389627
0.388683
0.283596
0.123101
-0.017309
-0.068890
-0.003558
0.150239
0.314838
0.394995
0.318909
0.072621
-0.286668
-0.646747
-0.881101
-0.896452
-0.672137
-0.271609
0.177670
0.530197
0.675530
0.579482
0.296900
-0.050208
-0.318703
-0.399584
-0.258836
0.050453
0.410065
0.681783
0.760179
0.611433
0.283089
-0.116673
-0.461120
-0.653336
-0.658455
-0.510828
-0.293464
-0.100004
0.003980
0.004664
-0.060164
-0.123389
-0.123887
-0.035361
0.120570
0.284989
0.389476
0.388895
0.284115
0.123632
-0.016940
-0.068926
-0.004001
0.149592
0.314324
0.394940
0.319485
0.073749
-0.285308
-0.645804
-0.880614
-0.896835
-0.673208
-0.273212
0.176161
0.529384
0.675465
0.580237
0.298134
-0.049006
-0.318018
-0.399691
-0.259699
0.049164
0.408842
0.681096
0.760293
0.612322
0.284260
-0.115281
-0.460112
-0.652900
-0.658749
-0.511349
-0.294121
-0.100545
0.003696
0.004631
-0.060078
-0.123324
-0.124036
-0.035702
0.120143
0.284505
0.389365
0.389067
0.284489
0.123939
-0.016727
-0.069016
-0.004312
0.149157
0.314022
0.395051
0.320118
0.074668
-0.284110
-0.644855
-0.880257
-0.897131
-0.674285
-0.274644
0.174822
0.528586
0.675372
0.580847
0.298970
-0.048135
-0.317432
-0.399735
-0.260417
0.048180
0.407793
0.680486
0.760362
0.613102
0.285448
-0.114021
-0.459147
-0.652602
-0.658869
-0.512067
-0.294779
-0.100996
0.003524
0.004609
-0.059790
-0.123162
-0.124166
-0.036150
0.119541
0.283996
0.389172
0.389276
0.285007
0.124524
-0.016355
-0.069049
-0.004754
0.148511
0.313506
0.395143
0.320689
0.075794
-0.282922
-0.643716
-0.879765
-0.897528
-0.675455
-0.276246
0.173310
0.527656
0.675301
0.581597
0.300202
-0.046931
-0.316742
-0.399837
-0.261276
0.046892
0.406734
0.679794
0.760471
0.613829
0.286812
-0.112627
-0.458196
-0.652256
-0.659169
-0.512779
-0.295570
-0.101558
0.003341
0.004757
-0.059518
-0.123017
-0.124302
-0.036614
0.118797
0.283651
0.388977
0.389478
0.285423
0.125113
-0.015983
-0.069137
-0.005093
0.147883
0.312989
0.395100
0.321116
0.076931
-0.281562
-0.642571
-0.879229
-0.897906
-0.676623
-0.277859
0.172085
0.526705
0.675227
0.582204
0.301290
-0.045740
-0.316050
-0.399941
-0.262091
0.045609
0.405509
0.679111
0.760678
0.614730
0.288175
-0.111216
-0.457341
-0.651894
-0.659467
-0.513297
-0.296320
-0.102122
0.003063
0.004905
-0.059129
-0.122870
-0.124455
-0.037077
0.118180
0.283128
0.388771
0.389679
0.285938
0.125703
-0.015601
-0.069155
-0.005516
0.147255
0.312684
0.395055
0.321699
0.077987
-0.280191
-0.641424
-0.878731
-0.898282
-0.677798
-0.279472
0.170555
0.525752
0.675131
0.582931
0.302504
-0.044548
-0.315457
-0.400042
-0.262946
0.044521
0.404291
0.678426
0.760740
0.615628
0.289556
-0.109803
-0.456326
-0.651530
-0.659754
-0.514007
-0.297112
-0.102686
0.002879
0.005051
-0.058856
-0.122803
-0.124607
-0.037503
0.117752
0.282630
0.388564
0.389824
0.286453
0.126285
-0.015217
-0.069055
-0.005938
0.146592
0.312183
0.394867
0.322280
0.079095
-0.278821
-0.640321
-0.878364
-0.898646
-0.678969
-0.280736
0.169025
0.524831
0.675027
0.583586
0.303718
-0.043327
-0.314770
-0.400164
-0.263799
0.043231
0.403071
0.677855
0.760856
0.616489
0.290935
-0.108683
-0.455309
-0.651190
-0.659866
-0.514762
-0.297903
-0.103224
0.002693
0.005362
-0.058584
-0.122655
-0.124757
-0.038070
0.117135
0.282105
0.388355
0.390022
0.286966
0.126875
-0.014999
-0.069070
-0.006359
0.146122
0.311680
0.394818
0.322905
0.080229
-0.277451
-0.639171
-0.877860
-0.899015
-0.680139
-0.282347
0.167493
0.523872
0.674926
0.584309
0.304930
-0.042312
-0.314081
-0.400260
-0.264508
0.041950
0.401851
0.677235
0.760968
0.617383
0.292314
-0.107269
-0.454290
-0.650821
-0.660149
