3.330872
209.937500
134.528325
164.176088
290.029550
697.924850
2087.378125
24317.800000
0.003116
0.036302
0.017718
0.008732
0.004343
0.006512
0.002126
0.000749
0.029706
0.018049
0.023744
0.021780
0.025545
0.020706
0.024794
0.016411
0.010029
0.014130
0.023313
0.010951
0.015899
0.016144
0.018737
0.017424
0.015523
0.011549
0.003752
0.006963
0.008969
0.008087
0.010424
0.008516
0.015471
0.003879
0.005707
0.004222
0.004701
0.003495
0.000347
0.002344
0.037687
0.000617
0.011909
0.013930
0.013327
0.012345
0.013583
0.013203
0.020137
0.010800
0.009254
0.007868
0.009218
0.007966
0.006935
0.009860
0.015287
0.016323
0.016162
0.016884
0.014294
0.014267
0.012991
0.013182
0.030250
0.018250
0.023834
0.023804
0.024419
0.022223
0.024180
0.022465
0.005828
0.023899
0.026406
0.025937
0.033482
0.033214
0.033416
0.024588
0.038779
0.034698
0.031627
0.031614
0.038657
0.030507
0.031042
0.040296
0.023717
0.045936
0.036825
0.045370
0.042402
0.043048
0.041774
0.261091
0.036063
0.047127
0.045835
0.054455
0.047628
0.054538
0.054132
0.049450
0.053794
0.061316
0.061788
0.057104
0.057414
0.057162
0.055631
0.059588
0.062948
0.062996
0.067820
0.071149
0.069852
0.070476
0.069008
0.071128
0.046538
0.071819
0.074902
0.077793
0.078962
0.071885
0.076383
0.190422
0.057148
0.086665
0.085723
0.084458
0.085883
0.083680
0.083659
0.084607
0.094800
0.094914
0.091841
0.092089
0.092884
0.092828
0.092937
0.093321
0.105041
0.102626
0.106000
0.098638
0.105965
0.104342
0.103534
0.103495
0.104587
0.112873
0.112898
0.115208
0.112728
0.113935
0.112061
0.113053
0.100922
0.119154
0.122646
0.121741
0.121137
0.123410
0.123721
0.119674
0.116513
0.134266
0.131415
0.131306
0.131463
0.128056
0.133467
0.132830
0.132574
0.143247
0.141750
0.142215
0.137862
0.254140
0.143026
0.141396
0.135438
0.151358
0.153674
0.150135
0.150917
0.149480
0.149312
0.150804
0.156244
0.160452
0.353618
0.162254
0.161511
0.159880
0.160069
0.043117
0.166270
0.169687
0.169273
0.170032
0.167642
0.341586
0.168154
0.041735
0.184953
0.180839
0.180963
0.179661
0.181084
0.181289
0.180601
0.181504
0.184232
0.186572
0.184736
0.186712
0.190308
0.187774
0.187288
0.190683
0.203637
0.198246
0.197426
0.200601
0.198646
0.008114
0.198190
0.198628
0.197332
0.206874
0.209492
0.208676
0.209373
0.209535
0.208032
0.207927
0.194048
0.214940
0.218571
0.218888
0.218115
0.219256
0.215390
0.217547
0.225746
0.226403
0.228434
0.226926
0.226988
0.225892
0.226132
0.228215
0.230212
0.237349
0.236014
0.235241
0.237194
0.236553
0.236017
0.236873
0.238182
0.242633
0.240924
0.243762
0.246092
0.243172
0.246654
0.246549
0.249925
0.253823
0.253446
0.256039
0.255948
0.254448
0.254579
0.254023
0.261915
0.258632
0.261660
0.262177
0.263467
0.263542
0.263709
0.263212
0.270650
0.272150
0.272802
0.273540
0.272113
0.063104
0.271960
0.272120
0.271227
0.282740
0.279827
0.280563
0.035512
0.281556
0.279094
0.279284
0.288427
0.289303
0.286862
0.289146
0.288826
0.134171
0.289969
0.288266
0.277333
0.295120
0.296267
0.298262
0.298727
0.052203
0.298402
0.298003
0.305094
0.305907
0.306106
0.306385
0.305361
0.154019
0.305006
0.305596
0.298960
0.313482
0.313514
0.315298
0.314238
0.315383
0.313908
0.195038
0.316375
0.321268
0.323441
0.322100
0.322417
0.322112
0.322216
0.228369
0.325607
0.328898
0.328282
0.330174
0.329469
0.142795
0.329806
0.329725
0.328095
0.337433
0.336515
0.338897
0.339005
0.339133
0.337189
0.242938
0.345505
0.345350
0.343980
0.346307
0.345874
0.346357
0.344108
0.343804
0.335596
0.353492
0.352814
0.352024
0.352203
0.352788
0.244337
0.352537
0.363301
0.359854
0.360116
0.359825
0.137358
0.360126
0.359632
0.360579
0.358442
0.366084
0.368619
0.368029
0.367285
0.368172
0.366946
0.367000
