0.618167
0.313104
0.164187
0.218140
0.154592
0.138585
0.130720
0.149291
0.007118
0.003541
0.001683
0.000022
0.001237
0.001319
0.000231
0.002154
0.009092
0.002766
0.001466
0.002109
0.001192
0.000144
0.002002
0.001206
0.005914
0.000123
0.001245
0.000834
0.001975
0.001446
0.000866
0.001871
0.004599
0.003679
0.001596
0.002537
0.003426
0.002209
0.004682
0.003801
0.001103
0.005012
0.004596
0.007772
0.005257
0.005669
0.004864
0.005757
0.024635
0.002417
0.008184
0.008249
0.007982
0.008580
0.009052
0.008386
0.029586
0.008806
0.011720
0.010202
0.010417
0.009910
0.010876
0.011380
0.068861
0.014246
0.012620
0.014719
0.015668
0.014920
0.013613
0.013579
0.061249
0.016220
0.016647
0.018680
0.018845
0.018481
0.018540
0.017804
0.039816
0.018584
0.022566
0.020909
0.022117
0.022352
0.021584
0.022165
0.036390
0.026188
0.026178
0.027137
0.026871
0.026257
0.026564
0.026237
0.052469
0.030915
0.031044
0.030239
0.030534
0.030762
0.031017
0.031502
0.075224
0.036611
0.036133
0.036045
0.036684
0.035970
0.036700
0.036159
0.038028
0.040278
0.040530
0.040734
0.042348
0.041715
0.042100
0.041329
0.065903
0.045958
0.048321
0.048083
0.046950
0.047390
0.046516
0.047410
0.067442
0.052646
0.053414
0.052508
0.053292
0.053779
0.053245
0.053767
0.055649
0.059208
0.059321
0.059756
0.060192
0.059039
0.059225
0.059580
0.069505
0.064569
0.066101
0.065819
0.066036
0.065215
0.065879
0.066032
0.075044
0.071325
0.072023
0.072507
0.072799
0.072363
0.072470
0.071701
0.080022
0.080812
0.077211
0.079208
0.078751
0.079702
0.079005
0.079090
0.109299
0.087836
0.085539
0.086496
0.086190
0.085098
0.086106
0.085820
0.095680
0.093485
0.092604
0.092908
0.093558
0.093220
0.093482
0.093296
0.115740
0.100259
0.100153
0.100600
0.100331
0.100613
0.100432
0.100565
0.128233
0.107025
0.107848
0.107396
0.107602
0.107199
0.107384
0.107405
0.133369
0.115500
0.115477
0.115009
0.114677
0.115070
0.114484
0.114450
0.141659
0.120295
0.122669
0.122056
0.122978
0.122427
0.122053
0.121849
0.142658
0.130120
0.130303
0.129878
0.129863
0.129698
0.130033
0.129383
0.143753
0.135958
0.137670
0.137936
0.137015
0.136987
0.137273
0.137245
0.156931
0.144879
0.144989
0.145245
0.145145
0.144719
0.144523
0.144988
0.175233
0.153188
0.152623
0.152916
0.152620
0.151937
0.152667
0.152463
0.171933
0.159895
0.159952
0.160561
0.160523
0.159923
0.160574
0.160015
0.194000
0.168097
0.168172
0.168747
0.167712
0.167924
0.167947
0.167995
0.198897
0.176016
0.175364
0.175750
0.175538
0.175986
0.175777
0.175781
0.193166
0.182702
0.182545
0.183788
0.182744
0.183346
0.183192
0.183345
0.204553
0.191733
0.191171
0.191149
0.190601
0.190449
0.191187
0.191261
0.205719
0.198034
0.198614
0.198989
0.198337
0.198393
0.198373
0.198422
0.216264
0.204660
0.206241
0.205435
0.205933
0.206019
0.206235
0.205757
0.221192
0.213723
0.213484
0.213582
0.213562
0.213594
0.213529
0.213272
0.229570
0.221070
0.221344
0.221270
0.220791
0.221035
0.220856
0.221028
0.234364
0.228869
0.228021
0.228460
0.228475
0.228149
0.228011
0.228255
0.239701
0.236621
0.234836
0.235264
0.235535
0.235678
0.235626
0.236362
0.257401
0.243638
0.243465
0.242716
0.243057
0.242660
0.242966
0.243083
0.263672
0.249864
0.251095
0.250037
0.249852
0.250127
0.250226
0.249837
0.268640
0.259151
0.256930
0.257810
0.257048
0.256966
0.257334
0.257319
0.271926
0.263842
0.264228
0.264500
0.264274
0.264536
0.264297
0.264675
0.278784
0.271905
0.270778
0.270868
0.271907
0.271402
0.271334
0.271567
0.280687
0.278280
0.278114
0.278419
0.278407
0.278450
0.278402
0.278234
0.295455
0.285485
0.285026
0.285399
0.285430
0.285196
0.285498
0.285151
0.298848
0.292270
0.292122
0.291920
0.292267
0.291787
0.291964
0.291929
