0.049080
0.038042
0.390855
0.439890
1.495501
2.094247
2.612523
3.224631
0.004539
0.041150
0.053854
0.015882
0.063374
0.168929
0.363361
0.432913
0.000541
0.018415
0.014325
0.023942
0.014446
0.059979
0.029275
0.180910
0.003131
0.011337
0.010520
0.029733
0.014323
0.026739
0.018033
0.113524
0.001978
0.009255
0.025496
0.009090
0.005962
0.018128
0.041258
0.049183
0.000053
0.009138
0.016078
0.004178
0.000955
0.011171
0.005703
0.046100
0.002902
0.001851
0.008887
0.017184
0.065405
0.015507
0.000102
0.017389
0.001837
0.003848
0.001182
0.028098
0.005138
0.002866
0.076433
0.035994
0.007711
0.008550
0.000470
0.017965
0.025357
0.012035
0.025800
0.035840
0.005639
0.000200
0.001962
0.003604
0.009264
0.016495
0.009783
0.053766
0.003797
0.007252
0.001704
0.011742
0.003571
0.005179
0.027210
0.018310
0.000770
0.002810
0.006986
0.010723
0.007380
0.018242
0.040877
0.030408
0.002091
0.002685
0.004451
0.003683
0.007056
0.026424
0.023174
0.014400
0.005366
0.007056
0.003844
0.006205
0.000863
0.012465
0.042764
0.030206
0.001153
0.004576
0.009934
0.000255
0.010295
0.032944
0.017960
0.040476
0.001857
0.002449
0.012572
0.004861
0.004284
0.012686
0.006042
0.003426
0.002369
0.000304
0.005701
0.018091
0.016967
0.023587
0.002722
0.032058
0.000474
0.001336
0.002344
0.002829
0.014100
0.016184
0.021937
0.034897
0.000365
0.000642
0.010647
0.003585
0.010515
0.020402
0.007199
0.017532
0.001294
0.000980
0.000302
0.011965
0.002144
0.010362
0.023084
0.036685
0.000263
0.006393
0.003273
0.018815
0.021524
0.007308
0.026673
0.030060
0.003462
0.006202
0.001038
0.010401
0.009208
0.021370
0.002971
0.054174
0.000714
0.002434
0.005334
0.001781
0.023868
0.011230
0.020216
0.046632
0.001995
0.001341
0.001832
0.005394
0.002773
0.022091
0.020656
0.049163
0.002711
0.001527
0.015256
0.002603
0.010476
0.010337
0.027111
0.034286
0.002955
0.008050
0.003772
0.006140
0.001732
0.001597
0.034375
0.014655
0.003066
0.006393
0.001574
0.005148
0.001764
0.016277
0.038963
0.005859
0.001895
0.002002
0.000365
0.000792
0.015359
0.013111
0.007755
0.012733
0.000855
0.003009
0.004247
0.002362
0.022105
0.023950
0.012092
0.024880
0.002234
0.003176
0.003394
0.006876
0.011404
0.018471
0.004164
0.023989
0.003667
0.000910
0.000374
0.013752
0.004176
0.010236
0.003578
0.000904
0.003007
0.001078
0.012577
0.004326
0.000114
0.020195
0.018532
0.104207
0.004753
0.001249
0.000761
0.001094
0.012205
0.006657
0.006408
0.009021
0.004525
0.003071
0.000819
0.001299
0.006262
0.022764
0.011739
0.003969
0.002272
0.001238
0.003933
0.006554
0.000680
0.011743
0.010594
0.009344
0.002693
0.004251
0.002693
0.005543
0.000579
0.024543
0.017260
0.003136
0.001241
0.005769
0.013489
0.001716
0.011676
0.002606
0.004599
0.018041
0.003137
0.002083
0.001431
0.000781
0.030237
0.013707
0.000637
0.015983
0.002808
0.002418
0.004688
0.016809
0.000333
0.005983
0.014126
0.019187
0.002193
0.001552
0.004482
0.000737
0.013235
0.002065
0.016810
0.020609
0.002763
0.004764
0.001614
0.004512
0.008449
0.009632
0.008992
0.040164
0.001307
0.002554
0.001623
0.001339
0.018081
0.042077
0.033251
0.001181
0.003089
0.003316
0.009567
0.006105
0.028172
0.003091
0.014294
0.024814
0.003254
0.001154
0.009959
0.010180
0.002982
0.004115
0.013628
0.003259
0.003404
0.003223
0.002253
0.001180
0.005189
0.009958
0.025263
0.008358
0.001636
0.000789
0.000274
0.005159
0.008653
0.000580
0.010601
0.012698
0.001883
0.000492
0.004928
0.002376
0.007837
0.003308
0.008410
0.050411
0.000517
0.000918
0.003030
0.011990
0.005278
0.011853
0.012374
0.015513
0.002524
0.002985
0.000534
0.003977
0.010031
0.002293
0.019700
0.051069
0.001556
0.000516
0.005286
0.005229
0.000694
0.004180
0.019616
0.008717
