76.492440
49.780725
61.118670
107.299575
255.626200
759.439150
8811.141000
1.307313
0.001076
0.042392
0.029400
0.019301
0.047658
0.068582
0.061864
0.003781
0.005904
0.015508
0.042786
0.060767
0.121787
0.125257
0.161087
0.147093
0.002538
0.013570
0.062535
0.038522
0.041840
0.087125
0.107139
0.093359
0.001934
0.016536
0.001584
0.037372
0.039687
0.040673
0.071403
0.027040
0.003628
0.007156
0.014525
0.017285
0.035969
0.021060
0.024379
0.011533
0.008355
0.000976
0.022913
0.023564
0.034207
0.085443
0.040506
0.073972
0.002395
0.006268
0.010777
0.011116
0.014055
0.030854
0.001315
0.055980
0.001083
0.012458
0.022107
0.048754
0.042874
0.057642
0.030905
0.059612
0.005058
0.012850
0.028882
0.038300
0.051865
0.071724
0.062124
0.124470
0.001514
0.016284
0.040454
0.049895
0.122169
0.120954
0.135200
0.061962
0.004558
0.032704
0.051520
0.073008
0.136208
0.101989
0.158814
0.200655
0.002468
0.042632
0.062439
0.115189
0.136347
0.145494
0.184483
1.716489
0.004112
0.041102
0.070130
0.137232
0.147585
0.212194
0.245902
0.266424
0.007528
0.057710
0.108686
0.140026
0.190319
0.216936
0.277004
0.348805
0.007881
0.059666
0.113863
0.168096
0.234120
0.320847
0.336317
0.343630
0.003367
0.062878
0.134449
0.193274
0.250920
0.289730
0.356088
1.416096
0.006418
0.079413
0.153025
0.221603
0.280990
0.362925
0.422451
0.503744
0.013768
0.094976
0.147959
0.222986
0.315970
0.389298
0.434040
0.520469
0.013023
0.094780
0.194824
0.252470
0.358741
0.437583
0.537489
0.632845
0.013523
0.111276
0.202059
0.302159
0.392936
0.483829
0.597075
0.674890
0.012334
0.114729
0.218638
0.336811
0.435425
0.543899
0.630267
0.727481
0.015920
0.136158
0.237342
0.356329
0.472619
0.566714
0.673453
0.780304
0.018860
0.147243
0.259777
0.389661
0.468775
1.460402
0.768100
0.872268
0.018766
0.152955
0.289307
0.408944
0.540693
0.662729
0.806775
0.959816
0.021783
0.166016
0.807336
0.461602
0.582648
0.717610
0.856091
0.727456
0.025116
0.174513
0.318391
0.484318
0.598251
1.918732
0.919689
0.739600
0.028102
0.192005
0.356491
0.514235
0.685216
0.845540
1.009915
1.175946
0.027871
0.198301
0.355405
0.816097
0.729116
0.838853
1.012151
1.251247
0.031012
0.211985
0.381804
0.587568
0.761371
0.349051
1.119354
1.291954
0.029378
0.223186
0.424574
0.623840
0.814264
1.016759
1.162097
1.390232
0.025461
0.230679
0.439633
0.665461
0.853558
1.063648
1.215803
1.445178
0.034677
0.249866
0.466328
0.672215
0.881438
1.093481
1.308848
1.531213
0.035613
0.268828
0.486023
0.714749
0.945251
1.160376
1.375328
1.684336
0.037661
0.273978
0.493296
0.736717
0.994978
1.209366
1.454778
1.724403
0.041003
0.292140
0.535988
0.786452
1.022057
1.286093
1.520841
1.791086
0.042131
0.296176
0.567103
0.813889
1.072152
1.327037
1.575826
1.884227
0.046399
0.313855
0.594217
0.867934
1.135837
0.268449
1.681119
1.959074
0.044852
0.335196
0.611794
0.899807
0.744404
1.484015
1.722100
2.006271
0.048666
0.339261
0.631828
0.928599
1.233965
0.172589
1.838458
2.054416
0.045066
0.354417
0.658233
0.976604
1.287308
0.432660
1.884994
2.225120
0.053043
0.368770
0.697653
1.002643
1.307497
0.267423
1.946268
2.305620
0.050040
0.381237
0.713397
1.051922
1.376858
1.736162
2.008454
0.804331
0.054331
0.395050
0.742605
1.093538
1.444649
1.766064
2.079401
1.157401
0.056779
0.406934
0.752587
1.110449
1.481016
0.080158
2.158687
2.564274
0.058480
0.426080
0.794516
1.169366
1.538460
1.887824
2.242538
1.288051
0.062342
0.439616
0.820635
1.192941
1.573962
1.978639
2.285967
2.672142
0.058573
0.462329
0.849780
1.242690
1.648372
2.025733
1.030654
2.731545
0.067758
0.467143
0.872782
1.295183
0.101591
2.110512
2.467734
2.867411
0.065029
0.480822
0.902722
1.344363
1.720469
2.159459
2.552467
3.009211
