1.0000000000e+00,
9.9999985293e-01,
9.9999941173e-01,
9.9999867638e-01,
9.9999764690e-01,
9.9999632329e-01,
9.9999470554e-01,
9.9999279366e-01,
9.9999058764e-01,
9.9998808749e-01,
9.9998529322e-01,
9.9998220481e-01,
9.9997882228e-01,
9.9997514562e-01,
9.9997117484e-01,
9.9996690994e-01,
9.9996235092e-01,
9.9995749779e-01,
9.9995235054e-01,
9.9994690919e-01,
9.9994117373e-01,
9.9993514416e-01,
9.9992882050e-01,
9.9992220275e-01,
9.9991529090e-01,
9.9990808496e-01,
9.9990058494e-01,
9.9989279085e-01,
9.9988470268e-01,
9.9987632044e-01,
9.9986764413e-01,
9.9985867377e-01,
9.9984940935e-01,
9.9983985088e-01,
9.9982999837e-01,
9.9981985183e-01,
9.9980941125e-01,
9.9979867664e-01,
9.9978764802e-01,
9.9977632539e-01,
9.9976470875e-01,
9.9975279811e-01,
9.9974059348e-01,
9.9972809487e-01,
9.9971530228e-01,
9.9970221572e-01,
9.9968883519e-01,
9.9967516072e-01,
9.9966119229e-01,
9.9964692993e-01,
9.9963237364e-01,
9.9961752343e-01,
9.9960237931e-01,
9.9958694128e-01,
9.9957120936e-01,
9.9955518356e-01,
9.9953886388e-01,
9.9952225033e-01,
9.9950534293e-01,
9.9948814168e-01,
9.9947064659e-01,
9.9945285768e-01,
9.9943477496e-01,
9.9941639843e-01,
9.9939772810e-01,
9.9937876400e-01,
9.9935950612e-01,
9.9933995448e-01,
9.9932010909e-01,
9.9929996997e-01,
9.9927953711e-01,
9.9925881055e-01,
9.9923779029e-01,
9.9921647633e-01,
9.9919486870e-01,
9.9917296741e-01,
9.9915077247e-01,
9.9912828389e-01,
9.9910550168e-01,
9.9908242586e-01,
9.9905905645e-01,
9.9903539345e-01,
9.9901143689e-01,
9.9898718676e-01,
9.9896264310e-01,
9.9893780591e-01,
9.9891267521e-01,
9.9888725101e-01,
9.9886153332e-01,
9.9883552217e-01,
9.9880921757e-01,
9.9878261953e-01,
9.9875572807e-01,
9.9872854320e-01,
9.9870106495e-01,
9.9867329332e-01,
9.9864522834e-01,
9.9861687002e-01,
9.9858821837e-01,
9.9855927341e-01,
9.9853003517e-01,
9.9850050365e-01,
9.9847067888e-01,
9.9844056087e-01,
9.9841014965e-01,
9.9837944522e-01,
9.9834844760e-01,
9.9831715682e-01,
9.9828557290e-01,
9.9825369584e-01,
9.9822152568e-01,
9.9818906242e-01,
9.9815630609e-01,
9.9812325671e-01,
9.9808991430e-01,
9.9805627887e-01,
9.9802235045e-01,
9.9798812906e-01,
9.9795361471e-01,
9.9791880743e-01,
9.9788370723e-01,
9.9784831415e-01,
9.9781262819e-01,
9.9777664938e-01,
9.9774037775e-01,
9.9770381330e-01,
9.9766695607e-01,
9.9762980607e-01,
9.9759236334e-01,
9.9755462788e-01,
9.9751659972e-01,
9.9747827889e-01,
9.9743966540e-01,
9.9740075928e-01,
9.9736156055e-01,
9.9732206924e-01,
9.9728228537e-01,
9.9724220896e-01,
9.9720184003e-01,
9.9716117861e-01,
9.9712022473e-01,
9.9707897840e-01,
9.9703743965e-01,
9.9699560851e-01,
9.9695348500e-01,
9.9691106915e-01,
9.9686836097e-01,
9.9682536050e-01,
9.9678206776e-01,
9.9673848278e-01,
9.9669460557e-01,
9.9665043618e-01,
9.9660597462e-01,
9.9656122092e-01,
9.9651617510e-01,
9.9647083719e-01,
9.9642520723e-01,
9.9637928523e-01,
9.9633307122e-01,
9.9628656524e-01,
9.9623976730e-01,
9.9619267744e-01,
9.9614529567e-01,
9.9609762204e-01,
9.9604965657e-01,
9.9600139929e-01,
9.9595285022e-01,
9.9590400939e-01,
9.9585487683e-01,
9.9580545258e-01,
9.9575573666e-01,
9.9570572910e-01,
9.9565542992e-01,
9.9560483917e-01,
9.9555395686e-01,
9.9550278303e-01,
9.9545131771e-01,
9.9539956093e-01,
9.9534751272e-01,
9.9529517311e-01,
9.9524254213e-01,
9.9518961981e-01,
9.9513640618e-01,
9.9508290128e-01,
9.9502910513e-01,
9.9497501777e-01,
9.9492063923e-01,
9.9486596954e-01,
9.9481100873e-01,
9.9475575684e-01,
9.9470021390e-01,
9.9464437993e-01,
9.9458825498e-01,
9.9453183908e-01,
9.9447513226e-01,
9.9441813454e-01,
9.9436084598e-01,
9.9430326660e-01,
9.9424539643e-01,
9.9418723550e-01,
9.9412878387e-01,
9.9407004154e-01,
9.9401100857e-01,
9.9395168499e-01,
9.9389207082e-01,
9.9383216611e-01,
9.9377197090e-01,
9.9371148521e-01,
9.9365070908e-01,
9.9358964255e-01,
9.9352828565e-01,
9.9346663843e-01,
9.9340470091e-01,
9.9334247313e-01,
9.9327995513e-01,
9.9321714695e-01,
9.9315404862e-01,
9.9309066018e-01,
9.9302698167e-01,
9.9296301313e-01,
9.9289875458e-01,
9.9283420608e-01,
9.9276936766e-01,
9.9270423935e-01,
9.9263882119e-01,
9.9257311323e-01,
9.9250711551e-01,
9.9244082805e-01,
9.9237425090e-01,
9.9230738410e-01,
9.9224022769e-01,
9.9217278171e-01,
9.9210504619e-01,
9.9203702119e-01,
9.9196870672e-01,
9.9190010285e-01,
9.9183120961e-01,
9.9176202703e-01,
9.9169255516e-01,
9.9162279404e-01,
9.9155274372e-01,
9.9148240422e-01,
9.9141177560e-01,
9.9134085789e-01,
9.9126965114e-01,
9.9119815539e-01,
9.9112637068e-01,
9.9105429706e-01,
9.9098193455e-01,
9.9090928322e-01,
9.9083634310e-01,
9.9076311423e-01,
9.9068959666e-01,
9.9061579042e-01,
9.9054169558e-01,
9.9046731215e-01,
9.9039264020e-01,
9.9031767976e-01,
9.9024243089e-01,
9.9016689361e-01,
9.9009106798e-01,
9.9001495405e-01,
9.8993855185e-01,
9.8986186143e-01,
9.8978488284e-01,
9.8970761612e-01,
9.8963006132e-01,
9.8955221849e-01,
9.8947408766e-01,
9.8939566889e-01,
9.8931696221e-01,
9.8923796769e-01,
9.8915868536e-01,
9.8907911527e-01,
9.8899925747e-01,
9.8891911200e-01,
9.8883867891e-01,
9.8875795825e-01,
9.8867695007e-01,
9.8859565441e-01,
9.8851407133e-01,
9.8843220086e-01,
9.8835004306e-01,
9.8826759798e-01,
9.8818486567e-01,
9.8810184616e-01,
9.8801853952e-01,
9.8793494579e-01,
9.8785106502e-01,
9.8776689726e-01,
9.8768244256e-01,
9.8759770097e-01,
9.8751267253e-01,
9.8742735731e-01,
9.8734175534e-01,
9.8725586669e-01,
9.8716969139e-01,
9.8708322951e-01,
9.8699648108e-01,
9.8690944617e-01,
9.8682212483e-01,
9.8673451709e-01,
9.8664662303e-01,
9.8655844268e-01,
9.8646997610e-01,
9.8638122335e-01,
9.8629218447e-01,
9.8620285951e-01,
9.8611324854e-01,
9.8602335160e-01,
9.8593316874e-01,
9.8584270002e-01,
9.8575194549e-01,
9.8566090521e-01,
9.8556957922e-01,
9.8547796759e-01,
9.8538607036e-01,
9.8529388760e-01,
9.8520141934e-01,
9.8510866566e-01,
9.8501562660e-01,
9.8492230221e-01,
9.8482869256e-01,
9.8473479770e-01,
9.8464061768e-01,
9.8454615256e-01,
9.8445140239e-01,
9.8435636723e-01,
9.8426104714e-01,
9.8416544217e-01,
9.8406955237e-01,
9.8397337781e-01,
9.8387691855e-01,
9.8378017463e-01,
9.8368314611e-01,
9.8358583306e-01,
9.8348823552e-01,
9.8339035356e-01,
9.8329218724e-01,
9.8319373661e-01,
9.8309500172e-01,
9.8299598265e-01,
9.8289667944e-01,
9.8279709215e-01,
9.8269722085e-01,
9.8259706559e-01,
9.8249662643e-01,
9.8239590343e-01,
9.8229489664e-01,
9.8219360614e-01,
9.8209203198e-01,
9.8199017421e-01,
9.8188803290e-01,
9.8178560811e-01,
9.8168289989e-01,
9.8157990831e-01,
9.8147663344e-01,
9.8137307532e-01,
9.8126923402e-01,
9.8116510961e-01,
9.8106070213e-01,
9.8095601167e-01,
9.8085103826e-01,
9.8074578199e-01,
9.8064024291e-01,
9.8053442107e-01,
9.8042831655e-01,
9.8032192941e-01,
9.8021525971e-01,
9.8010830751e-01,
9.8000107287e-01,
9.7989355586e-01,
9.7978575654e-01,
9.7967767498e-01,
9.7956931123e-01,
9.7946066537e-01,
9.7935173745e-01,
9.7924252754e-01,
9.7913303570e-01,
9.7902326201e-01,
9.7891320651e-01,
9.7880286929e-01,
9.7869225039e-01,
9.7858134990e-01,
9.7847016787e-01,
9.7835870436e-01,
9.7824695945e-01,
9.7813493320e-01,
9.7802262567e-01,
9.7791003694e-01,
9.7779716707e-01,
9.7768401611e-01,
9.7757058415e-01,
9.7745687125e-01,
9.7734287747e-01,
9.7722860288e-01,
9.7711404755e-01,
9.7699921155e-01,
9.7688409494e-01,
9.7676869780e-01,
9.7665302018e-01,
9.7653706216e-01,
9.7642082380e-01,
9.7630430518e-01,
9.7618750636e-01,
9.7607042741e-01,
9.7595306840e-01,
9.7583542941e-01,
9.7571751048e-01,
9.7559931171e-01,
9.7548083316e-01,
9.7536207489e-01,
9.7524303697e-01,
9.7512371949e-01,
9.7500412250e-01,
9.7488424608e-01,
9.7476409030e-01,
9.7464365522e-01,
9.7452294093e-01,
9.7440194748e-01,
9.7428067496e-01,
9.7415912343e-01,
9.7403729296e-01,
9.7391518363e-01,
9.7379279551e-01,
9.7367012867e-01,
9.7354718318e-01,
9.7342395911e-01,
9.7330045654e-01,
9.7317667554e-01,
9.7305261619e-01,
9.7292827854e-01,
9.7280366269e-01,
9.7267876870e-01,
9.7255359664e-01,
9.7242814660e-01,
9.7230241863e-01,
9.7217641282e-01,
9.7205012925e-01,
9.7192356797e-01,
9.7179672908e-01,
9.7166961264e-01,
9.7154221873e-01,
9.7141454743e-01,
9.7128659880e-01,
9.7115837293e-01,
9.7102986989e-01,
9.7090108975e-01,
9.7077203259e-01,
9.7064269849e-01,
9.7051308753e-01,
9.7038319977e-01,
9.7025303530e-01,
9.7012259419e-01,
9.6999187652e-01,
9.6986088236e-01,
9.6972961180e-01,
9.6959806491e-01,
9.6946624177e-01,
9.6933414245e-01,
9.6920176703e-01,
9.6906911560e-01,
9.6893618822e-01,
9.6880298498e-01,
9.6866950596e-01,
9.6853575123e-01,
9.6840172087e-01,
9.6826741496e-01,
9.6813283359e-01,
9.6799797682e-01,
9.6786284474e-01,
9.6772743743e-01,
9.6759175497e-01,
9.6745579744e-01,
9.6731956491e-01,
9.6718305747e-01,
9.6704627520e-01,
9.6690921818e-01,
9.6677188649e-01,
9.6663428021e-01,
9.6649639942e-01,
9.6635824420e-01,
9.6621981463e-01,
9.6608111080e-01,
9.6594213279e-01,
9.6580288068e-01,
9.6566335454e-01,
9.6552355447e-01,
9.6538348054e-01,
9.6524313284e-01,
9.6510251145e-01,
9.6496161645e-01,
9.6482044792e-01,
9.6467900595e-01,
9.6453729063e-01,
9.6439530203e-01,
9.6425304024e-01,
9.6411050534e-01,
9.6396769741e-01,
9.6382461655e-01,
9.6368126283e-01,
9.6353763633e-01,
9.6339373715e-01,
9.6324956537e-01,
9.6310512107e-01,
9.6296040434e-01,
9.6281541525e-01,
9.6267015391e-01,
9.6252462039e-01,
9.6237881478e-01,
9.6223273716e-01,
9.6208638763e-01,
9.6193976626e-01,
9.6179287314e-01,
9.6164570836e-01,
9.6149827201e-01,
9.6135056417e-01,
9.6120258493e-01,
9.6105433437e-01,
9.6090581259e-01,
9.6075701967e-01,
9.6060795570e-01,
9.6045862076e-01,
9.6030901495e-01,
9.6015913835e-01,
9.6000899106e-01,
9.5985857315e-01,
9.5970788471e-01,
9.5955692585e-01,
9.5940569663e-01,
9.5925419716e-01,
9.5910242753e-01,
9.5895038781e-01,
9.5879807811e-01,
9.5864549850e-01,
9.5849264909e-01,
9.5833952996e-01,
9.5818614120e-01,
9.5803248290e-01,
9.5787855515e-01,
9.5772435804e-01,
9.5756989167e-01,
9.5741515612e-01,
9.5726015148e-01,
9.5710487785e-01,
9.5694933532e-01,
9.5679352397e-01,
9.5663744391e-01,
9.5648109521e-01,
9.5632447798e-01,
9.5616759231e-01,
9.5601043829e-01,
9.5585301600e-01,
9.5569532555e-01,
9.5553736703e-01,
9.5537914052e-01,
9.5522064613e-01,
9.5506188394e-01,
9.5490285405e-01,
9.5474355656e-01,
9.5458399155e-01,
9.5442415911e-01,
9.5426405936e-01,
9.5410369237e-01,
9.5394305824e-01,
9.5378215707e-01,
9.5362098896e-01,
9.5345955399e-01,
9.5329785226e-01,
9.5313588386e-01,
9.5297364890e-01,
9.5281114747e-01,
9.5264837966e-01,
9.5248534557e-01,
9.5232204529e-01,
9.5215847892e-01,
9.5199464656e-01,
9.5183054830e-01,
9.5166618425e-01,
9.5150155449e-01,
9.5133665912e-01,
9.5117149824e-01,
9.5100607195e-01,
9.5084038035e-01,
9.5067442352e-01,
9.5050820158e-01,
9.5034171461e-01,
9.5017496272e-01,
9.5000794601e-01,
9.4984066456e-01,
9.4967311849e-01,
9.4950530788e-01,
9.4933723285e-01,
9.4916889348e-01,
9.4900028987e-01,
9.4883142213e-01,
9.4866229035e-01,
9.4849289464e-01,
9.4832323509e-01,
9.4815331180e-01,
9.4798312488e-01,
9.4781267442e-01,
9.4764196052e-01,
9.4747098329e-01,
9.4729974282e-01,
9.4712823921e-01,
9.4695647257e-01,
9.4678444300e-01,
9.4661215060e-01,
9.4643959546e-01,
9.4626677770e-01,
9.4609369741e-01,
9.4592035470e-01,
9.4574674966e-01,
9.4557288240e-01,
9.4539875302e-01,
9.4522436162e-01,
9.4504970831e-01,
9.4487479319e-01,
9.4469961636e-01,
9.4452417793e-01,
9.4434847799e-01,
9.4417251665e-01,
9.4399629402e-01,
9.4381981020e-01,
9.4364306529e-01,
9.4346605940e-01,
9.4328879262e-01,
9.4311126507e-01,
9.4293347685e-01,
9.4275542807e-01,
9.4257711882e-01,
9.4239854922e-01,
9.4221971936e-01,
9.4204062936e-01,
9.4186127931e-01,
9.4168166933e-01,
9.4150179952e-01,
9.4132166999e-01,
9.4114128084e-01,
9.4096063217e-01,
9.4077972410e-01,
9.4059855674e-01,
9.4041713017e-01,
9.4023544453e-01,
9.4005349990e-01,
9.3987129640e-01,
9.3968883414e-01,
9.3950611321e-01,
9.3932313374e-01,
9.3913989583e-01,
9.3895639958e-01,
9.3877264510e-01,
9.3858863251e-01,
9.3840436190e-01,
9.3821983340e-01,
9.3803504710e-01,
9.3785000311e-01,
9.3766470155e-01,
9.3747914252e-01,
9.3729332614e-01,
9.3710725251e-01,
9.3692092173e-01,
9.3673433393e-01,
9.3654748921e-01,
9.3636038768e-01,
9.3617302945e-01,
9.3598541463e-01,
9.3579754333e-01,
9.3560941566e-01,
9.3542103174e-01,
9.3523239166e-01,
9.3504349555e-01,
9.3485434352e-01,
9.3466493567e-01,
9.3447527213e-01,
9.3428535299e-01,
9.3409517837e-01,
9.3390474838e-01,
9.3371406314e-01,
9.3352312276e-01,
9.3333192734e-01,
9.3314047701e-01,
9.3294877188e-01,
9.3275681205e-01,
9.3256459764e-01,
9.3237212876e-01,
9.3217940553e-01,
9.3198642806e-01,
9.3179319646e-01,
9.3159971086e-01,
9.3140597135e-01,
9.3121197806e-01,
9.3101773109e-01,
9.3082323057e-01,
9.3062847661e-01,
9.3043346932e-01,
9.3023820882e-01,
9.3004269521e-01,
9.2984692863e-01,
9.2965090918e-01,
9.2945463697e-01,
9.2925811213e-01,
9.2906133477e-01,
9.2886430500e-01,
9.2866702294e-01,
9.2846948871e-01,
9.2827170242e-01,
9.2807366419e-01,
9.2787537413e-01,
9.2767683237e-01,
9.2747803901e-01,
9.2727899418e-01,
9.2707969800e-01,
9.2688015057e-01,
9.2668035202e-01,
9.2648030247e-01,
9.2628000202e-01,
9.2607945081e-01,
9.2587864895e-01,
9.2567759655e-01,
9.2547629374e-01,
9.2527474063e-01,
9.2507293735e-01,
9.2487088400e-01,
9.2466858071e-01,
9.2446602761e-01,
9.2426322480e-01,
9.2406017240e-01,
9.2385687054e-01,
9.2365331934e-01,
9.2344951892e-01,
9.2324546939e-01,
9.2304117087e-01,
9.2283662349e-01,
9.2263182737e-01,
9.2242678262e-01,
9.2222148938e-01,
9.2201594775e-01,
9.2181015785e-01,
9.2160411982e-01,
9.2139783377e-01,
9.2119129982e-01,
9.2098451810e-01,
9.2077748872e-01,
9.2057021181e-01,
9.2036268749e-01,
9.2015491587e-01,
9.1994689710e-01,
9.1973863128e-01,
9.1953011854e-01,
9.1932135899e-01,
9.1911235278e-01,
9.1890310001e-01,
9.1869360081e-01,
9.1848385530e-01,
9.1827386361e-01,
9.1806362586e-01,
9.1785314218e-01,
9.1764241268e-01,
9.1743143749e-01,
9.1722021674e-01,
9.1700875055e-01,
9.1679703905e-01,
9.1658508235e-01,
9.1637288059e-01,
9.1616043388e-01,
9.1594774236e-01,
9.1573480615e-01,
9.1552162537e-01,
9.1530820015e-01,
9.1509453062e-01,
9.1488061690e-01,
9.1466645911e-01,
9.1445205739e-01,
9.1423741185e-01,
9.1402252263e-01,
9.1380738985e-01,
9.1359201364e-01,
9.1337639412e-01,
9.1316053142e-01,
9.1294442567e-01,
9.1272807700e-01,
9.1251148553e-01,
9.1229465139e-01,
9.1207757471e-01,
9.1186025561e-01,
9.1164269423e-01,
9.1142489069e-01,
9.1120684511e-01,
9.1098855764e-01,
9.1077002839e-01,
9.1055125750e-01,
9.1033224508e-01,
9.1011299128e-01,
9.0989349623e-01,
9.0967376004e-01,
9.0945378285e-01,
9.0923356479e-01,
9.0901310599e-01,
9.0879240658e-01,
9.0857146668e-01,
9.0835028643e-01,
9.0812886596e-01,
9.0790720540e-01,
9.0768530488e-01,
9.0746316453e-01,
9.0724078448e-01,
9.0701816485e-01,
9.0679530579e-01,
9.0657220742e-01,
9.0634886988e-01,
9.0612529329e-01,
9.0590147779e-01,
9.0567742351e-01,
9.0545313058e-01,
9.0522859913e-01,
9.0500382929e-01,
9.0477882120e-01,
9.0455357499e-01,
9.0432809079e-01,
9.0410236874e-01,
9.0387640896e-01,
9.0365021160e-01,
9.0342377677e-01,
9.0319710462e-01,
9.0297019529e-01,
9.0274304889e-01,
9.0251566557e-01,
9.0228804546e-01,
9.0206018870e-01,
9.0183209541e-01,
9.0160376574e-01,
9.0137519981e-01,
9.0114639777e-01,
9.0091735974e-01,
9.0068808586e-01,
9.0045857627e-01,
9.0022883110e-01,
8.9999885048e-01,
8.9976863455e-01,
8.9953818345e-01,
8.9930749732e-01,
8.9907657628e-01,
8.9884542047e-01,
8.9861403004e-01,
8.9838240510e-01,
8.9815054582e-01,
8.9791845230e-01,
8.9768612471e-01,
8.9745356316e-01,
8.9722076781e-01,
8.9698773878e-01,
8.9675447621e-01,
8.9652098024e-01,
8.9628725101e-01,
8.9605328865e-01,
8.9581909330e-01,
8.9558466511e-01,
8.9535000420e-01,
8.9511511072e-01,
8.9487998480e-01,
8.9464462658e-01,
8.9440903621e-01,
8.9417321381e-01,
8.9393715954e-01,
8.9370087351e-01,
8.9346435589e-01,
8.9322760680e-01,
8.9299062638e-01,
8.9275341478e-01,
8.9251597213e-01,
8.9227829858e-01,
8.9204039425e-01,
8.9180225930e-01,
8.9156389387e-01,
8.9132529808e-01,
8.9108647209e-01,
8.9084741604e-01,
8.9060813005e-01,
8.9036861429e-01,
8.9012886888e-01,
8.8988889396e-01,
8.8964868969e-01,
8.8940825619e-01,
8.8916759362e-01,
8.8892670210e-01,
8.8868558180e-01,
8.8844423284e-01,
8.8820265536e-01,
8.8796084952e-01,
8.8771881545e-01,
8.8747655330e-01,
8.8723406320e-01,
8.8699134530e-01,
8.8674839975e-01,
8.8650522668e-01,
8.8626182624e-01,
8.8601819858e-01,
8.8577434382e-01,
8.8553026213e-01,
8.8528595364e-01,
8.8504141850e-01,
8.8479665684e-01,
8.8455166882e-01,
8.8430645458e-01,
8.8406101426e-01,
8.8381534801e-01,
8.8356945597e-01,
8.8332333828e-01,
8.8307699510e-01,
8.8283042656e-01,
8.8258363281e-01,
8.8233661400e-01,
8.8208937027e-01,
8.8184190176e-01,
8.8159420863e-01,
8.8134629102e-01,
8.8109814907e-01,
8.8084978293e-01,
8.8060119274e-01,
8.8035237866e-01,
8.8010334083e-01,
8.7985407939e-01,
8.7960459449e-01,
8.7935488628e-01,
8.7910495491e-01,
8.7885480052e-01,
8.7860442325e-01,
8.7835382327e-01,
8.7810300071e-01,
8.7785195572e-01,
8.7760068845e-01,
8.7734919905e-01,
8.7709748766e-01,
8.7684555443e-01,
8.7659339952e-01,
8.7634102307e-01,
8.7608842522e-01,
8.7583560614e-01,
8.7558256595e-01,
8.7532930483e-01,
8.7507582290e-01,
8.7482212033e-01,
8.7456819726e-01,
8.7431405384e-01,
8.7405969023e-01,
8.7380510656e-01,
8.7355030299e-01,
8.7329527967e-01,
8.7304003676e-01,
8.7278457439e-01,
8.7252889272e-01,
8.7227299190e-01,
8.7201687209e-01,
8.7176053343e-01,
8.7150397607e-01,
8.7124720016e-01,
8.7099020586e-01,
8.7073299332e-01,
8.7047556268e-01,
8.7021791410e-01,
8.6996004773e-01,
8.6970196372e-01,
8.6944366223e-01,
8.6918514340e-01,
8.6892640739e-01,
8.6866745436e-01,
8.6840828444e-01,
8.6814889780e-01,
8.6788929458e-01,
8.6762947495e-01,
8.6736943905e-01,
8.6710918703e-01,
8.6684871906e-01,
8.6658803527e-01,
8.6632713584e-01,
8.6606602090e-01,
8.6580469061e-01,
8.6554314513e-01,
8.6528138461e-01,
8.6501940921e-01,
8.6475721907e-01,
8.6449481436e-01,
8.6423219522e-01,
8.6396936182e-01,
8.6370631430e-01,
8.6344305282e-01,
8.6317957754e-01,
8.6291588861e-01,
8.6265198619e-01,
8.6238787042e-01,
8.6212354148e-01,
8.6185899950e-01,
8.6159424465e-01,
8.6132927709e-01,
8.6106409696e-01,
8.6079870444e-01,
8.6053309966e-01,
8.6026728279e-01,
8.6000125398e-01,
8.5973501339e-01,
8.5946856119e-01,
8.5920189751e-01,
8.5893502253e-01,
8.5866793639e-01,
8.5840063926e-01,
8.5813313129e-01,
8.5786541264e-01,
8.5759748347e-01,
8.5732934393e-01,
8.5706099419e-01,
8.5679243439e-01,
8.5652366470e-01,
8.5625468528e-01,
8.5598549629e-01,
8.5571609787e-01,
8.5544649020e-01,
8.5517667343e-01,
8.5490664772e-01,
8.5463641322e-01,
8.5436597010e-01,
8.5409531852e-01,
8.5382445863e-01,
8.5355339059e-01,
8.5328211457e-01,
8.5301063072e-01,
8.5273893921e-01,
8.5246704019e-01,
8.5219493382e-01,
8.5192262026e-01,
8.5165009968e-01,
8.5137737223e-01,
8.5110443807e-01,
8.5083129737e-01,
8.5055795028e-01,
8.5028439697e-01,
8.5001063760e-01,
8.4973667232e-01,
8.4946250130e-01,
8.4918812470e-01,
8.4891354269e-01,
8.4863875542e-01,
8.4836376305e-01,
8.4808856575e-01,
8.4781316367e-01,
8.4753755699e-01,
8.4726174586e-01,
8.4698573044e-01,
8.4670951091e-01,
8.4643308741e-01,
8.4615646011e-01,
8.4587962918e-01,
8.4560259478e-01,
8.4532535707e-01,
8.4504791621e-01,
8.4477027237e-01,
8.4449242571e-01,
8.4421437639e-01,
8.4393612458e-01,
8.4365767045e-01,
8.4337901414e-01,
8.4310015584e-01,
8.4282109570e-01,
8.4254183389e-01,
8.4226237056e-01,
8.4198270590e-01,
8.4170284005e-01,
8.4142277319e-01,
8.4114250548e-01,
8.4086203709e-01,
8.4058136817e-01,
8.4030049890e-01,
8.4001942944e-01,
8.3973815995e-01,
8.3945669060e-01,
8.3917502156e-01,
8.3889315300e-01,
8.3861108507e-01,
8.3832881794e-01,
8.3804635179e-01,
8.3776368677e-01,
8.3748082305e-01,
8.3719776080e-01,
8.3691450019e-01,
8.3663104138e-01,
8.3634738454e-01,
8.3606352983e-01,
8.3577947742e-01,
8.3549522749e-01,
8.3521078019e-01,
8.3492613570e-01,
8.3464129417e-01,
8.3435625579e-01,
8.3407102071e-01,
8.3378558911e-01,
8.3349996115e-01,
8.3321413700e-01,
8.3292811683e-01,
8.3264190081e-01,
8.3235548910e-01,
8.3206888188e-01,
8.3178207931e-01,
8.3149508156e-01,
8.3120788880e-01,
8.3092050119e-01,
8.3063291892e-01,
8.3034514214e-01,
8.3005717103e-01,
8.2976900576e-01,
8.2948064649e-01,
8.2919209340e-01,
8.2890334665e-01,
8.2861440641e-01,
8.2832527286e-01,
8.2803594617e-01,
8.2774642650e-01,
8.2745671403e-01,
8.2716680892e-01,
8.2687671134e-01,
8.2658642148e-01,
8.2629593949e-01,
8.2600526555e-01,
8.2571439983e-01,
8.2542334250e-01,
8.2513209373e-01,
8.2484065370e-01,
8.2454902257e-01,
8.2425720051e-01,
8.2396518770e-01,
8.2367298432e-01,
8.2338059052e-01,
8.2308800649e-01,
8.2279523240e-01,
8.2250226841e-01,
8.2220911470e-01,
8.2191577144e-01,
8.2162223882e-01,
8.2132851698e-01,
8.2103460612e-01,
8.2074050640e-01,
8.2044621800e-01,
8.2015174109e-01,
8.1985707584e-01,
8.1956222243e-01,
8.1926718103e-01,
8.1897195181e-01,
8.1867653495e-01,
8.1838093062e-01,
8.1808513899e-01,
8.1778916024e-01,
8.1749299455e-01,
8.1719664208e-01,
8.1690010302e-01,
8.1660337753e-01,
8.1630646578e-01,
8.1600936797e-01,
8.1571208425e-01,
8.1541461481e-01,
8.1511695982e-01,
8.1481911946e-01,
8.1452109389e-01,
8.1422288330e-01,
8.1392448786e-01,
8.1362590775e-01,
8.1332714314e-01,
8.1302819420e-01,
8.1272906112e-01,
8.1242974407e-01,
8.1213024323e-01,
8.1183055876e-01,
8.1153069086e-01,
8.1123063969e-01,
8.1093040543e-01,
8.1062998826e-01,
8.1032938835e-01,
8.1002860588e-01,
8.0972764103e-01,
8.0942649398e-01,
8.0912516490e-01,
8.0882365397e-01,
8.0852196136e-01,
8.0822008727e-01,
8.0791803185e-01,
8.0761579529e-01,
8.0731337777e-01,
8.0701077947e-01,
8.0670800055e-01,
8.0640504121e-01,
8.0610190162e-01,
8.0579858196e-01,
8.0549508241e-01,
8.0519140314e-01,
8.0488754433e-01,
8.0458350617e-01,
8.0427928883e-01,
8.0397489248e-01,
8.0367031732e-01,
8.0336556352e-01,
8.0306063125e-01,
8.0275552070e-01,
8.0245023205e-01,
8.0214476547e-01,
8.0183912115e-01,
8.0153329927e-01,
8.0122730000e-01,
8.0092112353e-01,
8.0061477003e-01,
8.0030823969e-01,
8.0000153269e-01,
7.9969464920e-01,
7.9938758941e-01,
7.9908035350e-01,
7.9877294164e-01,
7.9846535403e-01,
7.9815759084e-01,
7.9784965225e-01,
7.9754153844e-01,
7.9723324959e-01,
7.9692478589e-01,
7.9661614752e-01,
7.9630733466e-01,
7.9599834748e-01,
7.9568918618e-01,
7.9537985093e-01,
7.9507034192e-01,
7.9476065932e-01,
7.9445080332e-01,
7.9414077411e-01,
7.9383057186e-01,
7.9352019676e-01,
7.9320964899e-01,
7.9289892873e-01,
7.9258803616e-01,
7.9227697148e-01,
7.9196573485e-01,
7.9165432647e-01,
7.9134274651e-01,
7.9103099517e-01,
7.9071907262e-01,
7.9040697905e-01,
7.9009471464e-01,
7.8978227957e-01,
7.8946967403e-01,
7.8915689821e-01,
7.8884395228e-01,
7.8853083643e-01,
7.8821755084e-01,
7.8790409571e-01,
7.8759047121e-01,
7.8727667752e-01,
7.8696271484e-01,
7.8664858335e-01,
7.8633428323e-01,
7.8601981466e-01,
7.8570517784e-01,
7.8539037294e-01,
7.8507540016e-01,
7.8476025967e-01,
7.8444495167e-01,
7.8412947634e-01,
7.8381383385e-01,
7.8349802441e-01,
7.8318204820e-01,
7.8286590539e-01,
7.8254959618e-01,
7.8223312076e-01,
7.8191647931e-01,
7.8159967201e-01,
7.8128269905e-01,
7.8096556062e-01,
7.8064825691e-01,
7.8033078810e-01,
7.8001315438e-01,
7.7969535593e-01,
7.7937739295e-01,
7.7905926561e-01,
7.7874097411e-01,
7.7842251864e-01,
7.7810389937e-01,
7.7778511651e-01,
7.7746617023e-01,
7.7714706073e-01,
7.7682778818e-01,
7.7650835279e-01,
7.7618875473e-01,
7.7586899420e-01,
7.7554907138e-01,
7.7522898647e-01,
7.7490873964e-01,
7.7458833109e-01,
7.7426776101e-01,
7.7394702959e-01,
7.7362613700e-01,
7.7330508346e-01,
7.7298386913e-01,
7.7266249421e-01,
7.7234095889e-01,
7.7201926337e-01,
7.7169740782e-01,
7.7137539243e-01,
7.7105321741e-01,
7.7073088293e-01,
7.7040838918e-01,
7.7008573636e-01,
7.6976292466e-01,
7.6943995427e-01,
7.6911682536e-01,
7.6879353815e-01,
7.6847009281e-01,
7.6814648953e-01,
7.6782272851e-01,
7.6749880994e-01,
7.6717473401e-01,
7.6685050090e-01,
7.6652611082e-01,
7.6620156394e-01,
7.6587686046e-01,
7.6555200058e-01,
7.6522698447e-01,
7.6490181234e-01,
7.6457648438e-01,
7.6425100077e-01,
7.6392536171e-01,
7.6359956739e-01,
7.6327361800e-01,
7.6294751374e-01,
7.6262125478e-01,
7.6229484134e-01,
7.6196827359e-01,
7.6164155174e-01,
7.6131467597e-01,
7.6098764647e-01,
7.6066046344e-01,
7.6033312707e-01,
7.6000563755e-01,
7.5967799508e-01,
7.5935019985e-01,
7.5902225205e-01,
7.5869415187e-01,
7.5836589951e-01,
7.5803749516e-01,
7.5770893901e-01,
7.5738023126e-01,
7.5705137210e-01,
7.5672236172e-01,
7.5639320032e-01,
7.5606388809e-01,
7.5573442522e-01,
7.5540481191e-01,
7.5507504835e-01,
7.5474513474e-01,
7.5441507127e-01,
7.5408485813e-01,
7.5375449553e-01,
7.5342398364e-01,
7.5309332267e-01,
7.5276251282e-01,
7.5243155427e-01,
7.5210044722e-01,
7.5176919186e-01,
7.5143778840e-01,
7.5110623702e-01,
7.5077453793e-01,
7.5044269131e-01,
7.5011069736e-01,
7.4977855627e-01,
7.4944626825e-01,
7.4911383349e-01,
7.4878125217e-01,
7.4844852451e-01,
7.4811565069e-01,
7.4778263091e-01,
7.4744946537e-01,
7.4711615426e-01,
7.4678269777e-01,
7.4644909611e-01,
7.4611534948e-01,
7.4578145805e-01,
7.4544742204e-01,
7.4511324164e-01,
7.4477891705e-01,
7.4444444846e-01,
7.4410983607e-01,
7.4377508007e-01,
7.4344018067e-01,
7.4310513806e-01,
7.4276995244e-01,
7.4243462400e-01,
7.4209915294e-01,
7.4176353947e-01,
7.4142778377e-01,
7.4109188604e-01,
7.4075584649e-01,
7.4041966530e-01,
7.4008334268e-01,
7.3974687883e-01,
7.3941027394e-01,
7.3907352821e-01,
7.3873664184e-01,
7.3839961503e-01,
7.3806244798e-01,
7.3772514087e-01,
7.3738769392e-01,
7.3705010733e-01,
7.3671238128e-01,
7.3637451598e-01,
7.3603651162e-01,
7.3569836841e-01,
7.3536008655e-01,
7.3502166623e-01,
7.3468310765e-01,
7.3434441102e-01,
7.3400557652e-01,
7.3366660437e-01,
7.3332749476e-01,
7.3298824788e-01,
7.3264886395e-01,
7.3230934315e-01,
7.3196968570e-01,
7.3162989178e-01,
7.3128996159e-01,
7.3094989535e-01,
7.3060969325e-01,
7.3026935548e-01,
7.2992888225e-01,
7.2958827376e-01,
7.2924753021e-01,
7.2890665180e-01,
7.2856563873e-01,
7.2822449120e-01,
7.2788320941e-01,
7.2754179356e-01,
7.2720024386e-01,
7.2685856050e-01,
7.2651674369e-01,
7.2617479362e-01,
7.2583271050e-01,
7.2549049452e-01,
7.2514814590e-01,
7.2480566483e-01,
7.2446305151e-01,
7.2412030614e-01,
7.2377742893e-01,
7.2343442008e-01,
7.2309127979e-01,
7.2274800826e-01,
7.2240460569e-01,
7.2206107229e-01,
7.2171740825e-01,
7.2137361378e-01,
7.2102968909e-01,
7.2068563437e-01,
7.2034144982e-01,
7.1999713565e-01,
7.1965269207e-01,
7.1930811927e-01,
7.1896341746e-01,
7.1861858683e-01,
7.1827362760e-01,
7.1792853996e-01,
7.1758332412e-01,
7.1723798028e-01,
7.1689250865e-01,
7.1654690943e-01,
7.1620118281e-01,
7.1585532901e-01,
7.1550934823e-01,
7.1516324067e-01,
7.1481700653e-01,
7.1447064603e-01,
7.1412415935e-01,
7.1377754672e-01,
7.1343080832e-01,
7.1308394436e-01,
7.1273695506e-01,
7.1238984060e-01,
7.1204260121e-01,
7.1169523707e-01,
7.1134774840e-01,
7.1100013540e-01,
7.1065239827e-01,
7.1030453722e-01,
7.0995655246e-01,
7.0960844418e-01,
7.0926021260e-01,
7.0891185791e-01,
7.0856338033e-01,
7.0821478005e-01,
7.0786605728e-01,
7.0751721224e-01,
7.0716824511e-01,
7.0681915612e-01,
7.0646994546e-01,
7.0612061333e-01,
7.0577115996e-01,
7.0542158553e-01,
7.0507189026e-01,
7.0472207435e-01,
7.0437213800e-01,
7.0402208143e-01,
7.0367190484e-01,
7.0332160844e-01,
7.0297119242e-01,
7.0262065700e-01,
7.0227000239e-01,
7.0191922878e-01,
7.0156833640e-01,
7.0121732543e-01,
7.0086619609e-01,
7.0051494859e-01,
7.0016358313e-01,
6.9981209992e-01,
6.9946049917e-01,
6.9910878108e-01,
6.9875694585e-01,
6.9840499371e-01,
6.9805292485e-01,
6.9770073947e-01,
6.9734843780e-01,
6.9699602003e-01,
6.9664348637e-01,
6.9629083704e-01,
6.9593807223e-01,
6.9558519215e-01,
6.9523219702e-01,
6.9487908703e-01,
6.9452586241e-01,
6.9417252335e-01,
6.9381907006e-01,
6.9346550276e-01,
6.9311182164e-01,
6.9275802692e-01,
6.9240411881e-01,
6.9205009751e-01,
6.9169596323e-01,
6.9134171618e-01,
6.9098735657e-01,
6.9063288461e-01,
6.9027830050e-01,
6.8992360446e-01,
6.8956879669e-01,
6.8921387740e-01,
6.8885884681e-01,
6.8850370511e-01,
6.8814845252e-01,
6.8779308924e-01,
6.8743761550e-01,
6.8708203149e-01,
6.8672633742e-01,
6.8637053350e-01,
6.8601461995e-01,
6.8565859698e-01,
6.8530246478e-01,
6.8494622357e-01,
6.8458987357e-01,
6.8423341498e-01,
6.8387684800e-01,
6.8352017286e-01,
6.8316338976e-01,
6.8280649890e-01,
6.8244950051e-01,
6.8209239478e-01,
6.8173518194e-01,
6.8137786218e-01,
6.8102043573e-01,
6.8066290278e-01,
6.8030526356e-01,
6.7994751827e-01,
6.7958966712e-01,
6.7923171032e-01,
6.7887364808e-01,
6.7851548062e-01,
6.7815720814e-01,
6.7779883085e-01,
6.7744034897e-01,
6.7708176271e-01,
6.7672307227e-01,
6.7636427788e-01,
6.7600537973e-01,
6.7564637804e-01,
6.7528727303e-01,
6.7492806490e-01,
6.7456875386e-01,
6.7420934012e-01,
6.7384982391e-01,
6.7349020542e-01,
6.7313048488e-01,
6.7277066248e-01,
6.7241073845e-01,
6.7205071299e-01,
6.7169058633e-01,
6.7133035866e-01,
6.7097003020e-01,
6.7060960116e-01,
6.7024907176e-01,
6.6988844220e-01,
6.6952771271e-01,
6.6916688348e-01,
6.6880595474e-01,
6.6844492670e-01,
6.6808379956e-01,
6.6772257354e-01,
6.6736124886e-01,
6.6699982572e-01,
6.6663830434e-01,
6.6627668493e-01,
6.6591496771e-01,
6.6555315288e-01,
6.6519124066e-01,
6.6482923126e-01,
6.6446712490e-01,
6.6410492179e-01,
6.6374262214e-01,
6.6338022616e-01,
6.6301773407e-01,
6.6265514608e-01,
6.6229246241e-01,
6.6192968326e-01,
6.6156680885e-01,
6.6120383940e-01,
6.6084077512e-01,
6.6047761621e-01,
6.6011436291e-01,
6.5975101541e-01,
6.5938757393e-01,
6.5902403869e-01,
6.5866040990e-01,
6.5829668778e-01,
6.5793287253e-01,
6.5756896438e-01,
6.5720496353e-01,
6.5684087020e-01,
6.5647668461e-01,
6.5611240696e-01,
6.5574803748e-01,
6.5538357637e-01,
6.5501902386e-01,
6.5465438016e-01,
6.5428964547e-01,
6.5392482002e-01,
6.5355990402e-01,
6.5319489769e-01,
6.5282980123e-01,
6.5246461487e-01,
6.5209933881e-01,
6.5173397329e-01,
6.5136851850e-01,
6.5100297466e-01,
6.5063734199e-01,
6.5027162071e-01,
6.4990581102e-01,
6.4953991315e-01,
6.4917392731e-01,
6.4880785372e-01,
6.4844169258e-01,
6.4807544412e-01,
6.4770910855e-01,
6.4734268609e-01,
6.4697617695e-01,
6.4660958135e-01,
6.4624289950e-01,
6.4587613162e-01,
6.4550927792e-01,
6.4514233863e-01,
6.4477531395e-01,
6.4440820410e-01,
6.4404100931e-01,
6.4367372977e-01,
6.4330636572e-01,
6.4293891736e-01,
6.4257138492e-01,
6.4220376861e-01,
6.4183606864e-01,
6.4146828523e-01,
6.4110041860e-01,
6.4073246896e-01,
6.4036443654e-01,
6.3999632154e-01,
6.3962812419e-01,
6.3925984469e-01,
6.3889148328e-01,
6.3852304015e-01,
6.3815451554e-01,
6.3778590966e-01,
6.3741722271e-01,
6.3704845493e-01,
6.3667960653e-01,
6.3631067772e-01,
6.3594166873e-01,
6.3557257976e-01,
6.3520341104e-01,
6.3483416279e-01,
6.3446483521e-01,
6.3409542853e-01,
6.3372594297e-01,
6.3335637874e-01,
6.3298673606e-01,
6.3261701514e-01,
6.3224721621e-01,
6.3187733949e-01,
6.3150738518e-01,
6.3113735351e-01,
6.3076724470e-01,
6.3039705896e-01,
6.3002679651e-01,
6.2965645757e-01,
6.2928604235e-01,
6.2891555108e-01,
6.2854498397e-01,
6.2817434124e-01,
6.2780362312e-01,
6.2743282980e-01,
6.2706196152e-01,
6.2669101850e-01,
6.2632000094e-01,
6.2594890908e-01,
6.2557774312e-01,
6.2520650329e-01,
6.2483518980e-01,
6.2446380287e-01,
6.2409234273e-01,
6.2372080958e-01,
6.2334920366e-01,
6.2297752517e-01,
6.2260577433e-01,
6.2223395137e-01,
6.2186205651e-01,
6.2149008995e-01,
6.2111805193e-01,
6.2074594265e-01,
6.2037376234e-01,
6.2000151122e-01,
6.1962918951e-01,
6.1925679742e-01,
6.1888433518e-01,
6.1851180300e-01,
6.1813920110e-01,
6.1776652970e-01,
6.1739378903e-01,
6.1702097929e-01,
6.1664810072e-01,
6.1627515352e-01,
6.1590213792e-01,
6.1552905414e-01,
6.1515590240e-01,
6.1478268291e-01,
6.1440939590e-01,
6.1403604159e-01,
6.1366262019e-01,
6.1328913192e-01,
6.1291557701e-01,
6.1254195568e-01,
6.1216826814e-01,
6.1179451461e-01,
6.1142069532e-01,
6.1104681049e-01,
6.1067286032e-01,
6.1029884505e-01,
6.0992476490e-01,
6.0955062008e-01,
6.0917641081e-01,
6.0880213732e-01,
6.0842779982e-01,
6.0805339854e-01,
6.0767893369e-01,
6.0730440550e-01,
6.0692981418e-01,
6.0655515996e-01,
6.0618044305e-01,
6.0580566368e-01,
6.0543082207e-01,
6.0505591844e-01,
6.0468095301e-01,
6.0430592599e-01,
6.0393083761e-01,
6.0355568810e-01,
6.0318047766e-01,
6.0280520653e-01,
6.0242987491e-01,
6.0205448305e-01,
6.0167903114e-01,
6.0130351942e-01,
6.0092794811e-01,
6.0055231742e-01,
6.0017662758e-01,
5.9980087881e-01,
5.9942507133e-01,
5.9904920536e-01,
5.9867328112e-01,
5.9829729884e-01,
5.9792125872e-01,
5.9754516101e-01,
5.9716900591e-01,
5.9679279365e-01,
5.9641652445e-01,
5.9604019852e-01,
5.9566381611e-01,
5.9528737741e-01,
5.9491088266e-01,
5.9453433207e-01,
5.9415772588e-01,
5.9378106429e-01,
5.9340434754e-01,
5.9302757583e-01,
5.9265074940e-01,
5.9227386847e-01,
5.9189693325e-01,
5.9151994398e-01,
5.9114290086e-01,
5.9076580413e-01,
5.9038865400e-01,
5.9001145070e-01,
5.8963419445e-01,
5.8925688547e-01,
5.8887952398e-01,
5.8850211021e-01,
5.8812464437e-01,
5.8774712669e-01,
5.8736955739e-01,
5.8699193669e-01,
5.8661426482e-01,
5.8623654200e-01,
5.8585876844e-01,
5.8548094438e-01,
5.8510307003e-01,
5.8472514562e-01,
5.8434717136e-01,
5.8396914749e-01,
5.8359107422e-01,
5.8321295177e-01,
5.8283478037e-01,
5.8245656024e-01,
5.8207829161e-01,
5.8169997469e-01,
5.8132160971e-01,
5.8094319689e-01,
5.8056473645e-01,
5.8018622862e-01,
5.7980767362e-01,
5.7942907167e-01,
5.7905042299e-01,
5.7867172781e-01,
5.7829298635e-01,
5.7791419883e-01,
5.7753536547e-01,
5.7715648651e-01,
5.7677756215e-01,
5.7639859263e-01,
5.7601957816e-01,
5.7564051898e-01,
5.7526141530e-01,
5.7488226734e-01,
5.7450307533e-01,
5.7412383949e-01,
5.7374456005e-01,
5.7336523723e-01,
5.7298587124e-01,
5.7260646233e-01,
5.7222701070e-01,
5.7184751658e-01,
5.7146798019e-01,
5.7108840176e-01,
5.7070878151e-01,
5.7032911967e-01,
5.6994941645e-01,
5.6956967208e-01,
5.6918988679e-01,
5.6881006079e-01,
5.6843019432e-01,
5.6805028759e-01,
5.6767034083e-01,
5.6729035425e-01,
5.6691032810e-01,
5.6653026258e-01,
5.6615015792e-01,
5.6577001435e-01,
5.6538983209e-01,
5.6500961136e-01,
5.6462935239e-01,
5.6424905540e-01,
5.6386872061e-01,
5.6348834825e-01,
5.6310793854e-01,
5.6272749171e-01,
5.6234700797e-01,
5.6196648756e-01,
5.6158593069e-01,
5.6120533760e-01,
5.6082470850e-01,
5.6044404362e-01,
5.6006334318e-01,
5.5968260741e-01,
5.5930183652e-01,
5.5892103075e-01,
5.5854019032e-01,
5.5815931546e-01,
5.5777840637e-01,
5.5739746330e-01,
5.5701648647e-01,
5.5663547609e-01,
5.5625443239e-01,
5.5587335561e-01,
5.5549224595e-01,
5.5511110365e-01,
5.5472992892e-01,
5.5434872201e-01,
5.5396748312e-01,
5.5358621248e-01,
5.5320491032e-01,
5.5282357686e-01,
5.5244221232e-01,
5.5206081694e-01,
5.5167939092e-01,
5.5129793451e-01,
5.5091644792e-01,
5.5053493138e-01,
5.5015338511e-01,
5.4977180933e-01,
5.4939020427e-01,
5.4900857016e-01,
5.4862690722e-01,
5.4824521568e-01,
5.4786349575e-01,
5.4748174766e-01,
5.4709997165e-01,
5.4671816792e-01,
5.4633633671e-01,
5.4595447825e-01,
5.4557259275e-01,
5.4519068044e-01,
5.4480874155e-01,
5.4442677629e-01,
5.4404478490e-01,
5.4366276760e-01,
5.4328072462e-01,
5.4289865617e-01,
5.4251656249e-01,
5.4213444380e-01,
5.4175230032e-01,
5.4137013227e-01,
5.4098793990e-01,
5.4060572340e-01,
5.4022348303e-01,
5.3984121899e-01,
5.3945893151e-01,
5.3907662082e-01,
5.3869428714e-01,
5.3831193070e-01,
5.3792955172e-01,
5.3754715042e-01,
5.3716472704e-01,
5.3678228180e-01,
5.3639981492e-01,
5.3601732662e-01,
5.3563481714e-01,
5.3525228669e-01,
5.3486973551e-01,
5.3448716381e-01,
5.3410457183e-01,
5.3372195978e-01,
5.3333932790e-01,
5.3295667640e-01,
5.3257400551e-01,
5.3219131546e-01,
5.3180860648e-01,
5.3142587878e-01,
5.3104313260e-01,
5.3066036815e-01,
5.3027758567e-01,
5.2989478537e-01,
5.2951196749e-01,
5.2912913225e-01,
5.2874627987e-01,
5.2836341058e-01,
5.2798052461e-01,
5.2759762217e-01,
5.2721470351e-01,
5.2683176883e-01,
5.2644881836e-01,
5.2606585234e-01,
5.2568287098e-01,
5.2529987452e-01,
5.2491686317e-01,
5.2453383716e-01,
5.2415079672e-01,
5.2376774208e-01,
5.2338467345e-01,
5.2300159107e-01,
5.2261849515e-01,
5.2223538593e-01,
5.2185226363e-01,
5.2146912847e-01,
5.2108598068e-01,
5.2070282049e-01,
5.2031964812e-01,
5.1993646379e-01,
5.1955326774e-01,
5.1917006019e-01,
5.1878684135e-01,
5.1840361147e-01,
5.1802037076e-01,
5.1763711945e-01,
5.1725385776e-01,
5.1687058593e-01,
5.1648730416e-01,
5.1610401270e-01,
5.1572071177e-01,
5.1533740159e-01,
5.1495408238e-01,
5.1457075438e-01,
5.1418741781e-01,
5.1380407289e-01,
5.1342071985e-01,
5.1303735891e-01,
5.1265399031e-01,
5.1227061426e-01,
5.1188723099e-01,
5.1150384073e-01,
5.1112044371e-01,
5.1073704014e-01,
5.1035363025e-01,
5.0997021428e-01,
5.0958679243e-01,
5.0920336495e-01,
5.0881993206e-01,
5.0843649397e-01,
5.0805305093e-01,
5.0766960314e-01,
5.0728615085e-01,
5.0690269426e-01,
5.0651923362e-01,
5.0613576914e-01,
5.0575230106e-01,
5.0536882958e-01,
5.0498535495e-01,
5.0460187739e-01,
5.0421839712e-01,
5.0383491437e-01,
5.0345142936e-01,
5.0306794232e-01,
5.0268445348e-01,
5.0230096306e-01,
5.0191747128e-01,
5.0153397838e-01,
5.0115048458e-01,
5.0076699009e-01,
5.0038349516e-01,
5.0000000000e-01,
4.9961650484e-01,
4.9923300991e-01,
4.9884951542e-01,
4.9846602162e-01,
4.9808252872e-01,
4.9769903694e-01,
4.9731554652e-01,
4.9693205768e-01,
4.9654857064e-01,
4.9616508563e-01,
4.9578160288e-01,
4.9539812261e-01,
4.9501464505e-01,
4.9463117042e-01,
4.9424769894e-01,
4.9386423086e-01,
4.9348076638e-01,
4.9309730574e-01,
4.9271384915e-01,
4.9233039686e-01,
4.9194694907e-01,
4.9156350603e-01,
4.9118006794e-01,
4.9079663505e-01,
4.9041320757e-01,
4.9002978572e-01,
4.8964636975e-01,
4.8926295986e-01,
4.8887955629e-01,
4.8849615927e-01,
4.8811276901e-01,
4.8772938574e-01,
4.8734600969e-01,
4.8696264109e-01,
4.8657928015e-01,
4.8619592711e-01,
4.8581258219e-01,
4.8542924562e-01,
4.8504591762e-01,
4.8466259841e-01,
4.8427928823e-01,
4.8389598730e-01,
4.8351269584e-01,
4.8312941407e-01,
4.8274614224e-01,
4.8236288055e-01,
4.8197962924e-01,
4.8159638853e-01,
4.8121315865e-01,
4.8082993981e-01,
4.8044673226e-01,
4.8006353621e-01,
4.7968035188e-01,
4.7929717951e-01,
4.7891401932e-01,
4.7853087153e-01,
4.7814773637e-01,
4.7776461407e-01,
4.7738150485e-01,
4.7699840893e-01,
4.7661532655e-01,
4.7623225792e-01,
4.7584920328e-01,
4.7546616284e-01,
4.7508313683e-01,
4.7470012548e-01,
4.7431712902e-01,
4.7393414766e-01,
4.7355118164e-01,
4.7316823117e-01,
4.7278529649e-01,
4.7240237783e-01,
4.7201947539e-01,
4.7163658942e-01,
4.7125372013e-01,
4.7087086775e-01,
4.7048803251e-01,
4.7010521463e-01,
4.6972241433e-01,
4.6933963185e-01,
4.6895686740e-01,
4.6857412122e-01,
4.6819139352e-01,
4.6780868454e-01,
4.6742599449e-01,
4.6704332360e-01,
4.6666067210e-01,
4.6627804022e-01,
4.6589542817e-01,
4.6551283619e-01,
4.6513026449e-01,
4.6474771331e-01,
4.6436518286e-01,
4.6398267338e-01,
4.6360018508e-01,
4.6321771820e-01,
4.6283527296e-01,
4.6245284958e-01,
4.6207044828e-01,
4.6168806930e-01,
4.6130571286e-01,
4.6092337918e-01,
4.6054106849e-01,
4.6015878101e-01,
4.5977651697e-01,
4.5939427660e-01,
4.5901206010e-01,
4.5862986773e-01,
4.5824769968e-01,
4.5786555620e-01,
4.5748343751e-01,
4.5710134383e-01,
4.5671927538e-01,
4.5633723240e-01,
4.5595521510e-01,
4.5557322371e-01,
4.5519125845e-01,
4.5480931956e-01,
4.5442740725e-01,
4.5404552175e-01,
4.5366366329e-01,
4.5328183208e-01,
4.5290002835e-01,
4.5251825234e-01,
4.5213650425e-01,
4.5175478432e-01,
4.5137309278e-01,
4.5099142984e-01,
4.5060979573e-01,
4.5022819067e-01,
4.4984661489e-01,
4.4946506862e-01,
4.4908355208e-01,
4.4870206549e-01,
4.4832060908e-01,
4.4793918306e-01,
4.4755778768e-01,
4.4717642314e-01,
4.4679508968e-01,
4.4641378752e-01,
4.4603251688e-01,
4.4565127799e-01,
4.4527007108e-01,
4.4488889635e-01,
4.4450775405e-01,
4.4412664439e-01,
4.4374556761e-01,
4.4336452391e-01,
4.4298351353e-01,
4.4260253670e-01,
4.4222159363e-01,
4.4184068454e-01,
4.4145980968e-01,
4.4107896925e-01,
4.4069816348e-01,
4.4031739259e-01,
4.3993665682e-01,
4.3955595638e-01,
4.3917529150e-01,
4.3879466240e-01,
4.3841406931e-01,
4.3803351244e-01,
4.3765299203e-01,
4.3727250829e-01,
4.3689206146e-01,
4.3651165175e-01,
4.3613127939e-01,
4.3575094460e-01,
4.3537064761e-01,
4.3499038864e-01,
4.3461016791e-01,
4.3422998565e-01,
4.3384984208e-01,
4.3346973742e-01,
4.3308967190e-01,
4.3270964575e-01,
4.3232965917e-01,
4.3194971241e-01,
4.3156980568e-01,
4.3118993921e-01,
4.3081011321e-01,
4.3043032792e-01,
4.3005058355e-01,
4.2967088033e-01,
4.2929121849e-01,
4.2891159824e-01,
4.2853201981e-01,
4.2815248342e-01,
4.2777298930e-01,
4.2739353767e-01,
4.2701412876e-01,
4.2663476277e-01,
4.2625543995e-01,
4.2587616051e-01,
4.2549692467e-01,
4.2511773266e-01,
4.2473858470e-01,
4.2435948102e-01,
4.2398042184e-01,
4.2360140737e-01,
4.2322243785e-01,
4.2284351349e-01,
4.2246463453e-01,
4.2208580117e-01,
4.2170701365e-01,
4.2132827219e-01,
4.2094957701e-01,
4.2057092833e-01,
4.2019232638e-01,
4.1981377138e-01,
4.1943526355e-01,
4.1905680311e-01,
4.1867839029e-01,
4.1830002531e-01,
4.1792170839e-01,
4.1754343976e-01,
4.1716521963e-01,
4.1678704823e-01,
4.1640892578e-01,
4.1603085251e-01,
4.1565282864e-01,
4.1527485438e-01,
4.1489692997e-01,
4.1451905562e-01,
4.1414123156e-01,
4.1376345800e-01,
4.1338573518e-01,
4.1300806331e-01,
4.1263044261e-01,
4.1225287331e-01,
4.1187535563e-01,
4.1149788979e-01,
4.1112047602e-01,
4.1074311453e-01,
4.1036580555e-01,
4.0998854930e-01,
4.0961134600e-01,
4.0923419587e-01,
4.0885709914e-01,
4.0848005602e-01,
4.0810306675e-01,
4.0772613153e-01,
4.0734925060e-01,
4.0697242417e-01,
4.0659565246e-01,
4.0621893571e-01,
4.0584227412e-01,
4.0546566793e-01,
4.0508911734e-01,
4.0471262259e-01,
4.0433618389e-01,
4.0395980148e-01,
4.0358347555e-01,
4.0320720635e-01,
4.0283099409e-01,
4.0245483899e-01,
4.0207874128e-01,
4.0170270116e-01,
4.0132671888e-01,
4.0095079464e-01,
4.0057492867e-01,
4.0019912119e-01,
3.9982337242e-01,
3.9944768258e-01,
3.9907205189e-01,
3.9869648058e-01,
3.9832096886e-01,
3.9794551695e-01,
3.9757012509e-01,
3.9719479347e-01,
3.9681952234e-01,
3.9644431190e-01,
3.9606916239e-01,
3.9569407401e-01,
3.9531904699e-01,
3.9494408156e-01,
3.9456917793e-01,
3.9419433632e-01,
3.9381955695e-01,
3.9344484004e-01,
3.9307018582e-01,
3.9269559450e-01,
3.9232106631e-01,
3.9194660146e-01,
3.9157220018e-01,
3.9119786268e-01,
3.9082358919e-01,
3.9044937992e-01,
3.9007523510e-01,
3.8970115495e-01,
3.8932713968e-01,
3.8895318951e-01,
3.8857930468e-01,
3.8820548539e-01,
3.8783173186e-01,
3.8745804432e-01,
3.8708442299e-01,
3.8671086808e-01,
3.8633737981e-01,
3.8596395841e-01,
3.8559060410e-01,
3.8521731709e-01,
3.8484409760e-01,
3.8447094586e-01,
3.8409786208e-01,
3.8372484648e-01,
3.8335189928e-01,
3.8297902071e-01,
3.8260621097e-01,
3.8223347030e-01,
3.8186079890e-01,
3.8148819700e-01,
3.8111566482e-01,
3.8074320258e-01,
3.8037081049e-01,
3.7999848878e-01,
3.7962623766e-01,
3.7925405735e-01,
3.7888194807e-01,
3.7850991005e-01,
3.7813794349e-01,
3.7776604863e-01,
3.7739422567e-01,
3.7702247483e-01,
3.7665079634e-01,
3.7627919042e-01,
3.7590765727e-01,
3.7553619713e-01,
3.7516481020e-01,
3.7479349671e-01,
3.7442225688e-01,
3.7405109092e-01,
3.7367999906e-01,
3.7330898150e-01,
3.7293803848e-01,
3.7256717020e-01,
3.7219637688e-01,
3.7182565876e-01,
3.7145501603e-01,
3.7108444892e-01,
3.7071395765e-01,
3.7034354243e-01,
3.6997320349e-01,
3.6960294104e-01,
3.6923275530e-01,
3.6886264649e-01,
3.6849261482e-01,
3.6812266051e-01,
3.6775278379e-01,
3.6738298486e-01,
3.6701326394e-01,
3.6664362126e-01,
3.6627405703e-01,
3.6590457147e-01,
3.6553516479e-01,
3.6516583721e-01,
3.6479658896e-01,
3.6442742024e-01,
3.6405833127e-01,
3.6368932228e-01,
3.6332039347e-01,
3.6295154507e-01,
3.6258277729e-01,
3.6221409034e-01,
3.6184548446e-01,
3.6147695985e-01,
3.6110851672e-01,
3.6074015531e-01,
3.6037187581e-01,
3.6000367846e-01,
3.5963556346e-01,
3.5926753104e-01,
3.5889958140e-01,
3.5853171477e-01,
3.5816393136e-01,
3.5779623139e-01,
3.5742861508e-01,
3.5706108264e-01,
3.5669363428e-01,
3.5632627023e-01,
3.5595899069e-01,
3.5559179590e-01,
3.5522468605e-01,
3.5485766137e-01,
3.5449072208e-01,
3.5412386838e-01,
3.5375710050e-01,
3.5339041865e-01,
3.5302382305e-01,
3.5265731391e-01,
3.5229089145e-01,
3.5192455588e-01,
3.5155830742e-01,
3.5119214628e-01,
3.5082607269e-01,
3.5046008685e-01,
3.5009418898e-01,
3.4972837929e-01,
3.4936265801e-01,
3.4899702534e-01,
3.4863148150e-01,
3.4826602671e-01,
3.4790066119e-01,
3.4753538513e-01,
3.4717019877e-01,
3.4680510231e-01,
3.4644009598e-01,
3.4607517998e-01,
3.4571035453e-01,
3.4534561984e-01,
3.4498097614e-01,
3.4461642363e-01,
3.4425196252e-01,
3.4388759304e-01,
3.4352331539e-01,
3.4315912980e-01,
3.4279503647e-01,
3.4243103562e-01,
3.4206712747e-01,
3.4170331222e-01,
3.4133959010e-01,
3.4097596131e-01,
3.4061242607e-01,
3.4024898459e-01,
3.3988563709e-01,
3.3952238379e-01,
3.3915922488e-01,
3.3879616060e-01,
3.3843319115e-01,
3.3807031674e-01,
3.3770753759e-01,
3.3734485392e-01,
3.3698226593e-01,
3.3661977384e-01,
3.3625737786e-01,
3.3589507821e-01,
3.3553287510e-01,
3.3517076874e-01,
3.3480875934e-01,
3.3444684712e-01,
3.3408503229e-01,
3.3372331507e-01,
3.3336169566e-01,
3.3300017428e-01,
3.3263875114e-01,
3.3227742646e-01,
3.3191620044e-01,
3.3155507330e-01,
3.3119404526e-01,
3.3083311652e-01,
3.3047228729e-01,
3.3011155780e-01,
3.2975092824e-01,
3.2939039884e-01,
3.2902996980e-01,
3.2866964134e-01,
3.2830941367e-01,
3.2794928701e-01,
3.2758926155e-01,
3.2722933752e-01,
3.2686951512e-01,
3.2650979458e-01,
3.2615017609e-01,
3.2579065988e-01,
3.2543124614e-01,
3.2507193510e-01,
3.2471272697e-01,
3.2435362196e-01,
3.2399462027e-01,
3.2363572212e-01,
3.2327692773e-01,
3.2291823729e-01,
3.2255965103e-01,
3.2220116915e-01,
3.2184279186e-01,
3.2148451938e-01,
3.2112635192e-01,
3.2076828968e-01,
3.2041033288e-01,
3.2005248173e-01,
3.1969473644e-01,
3.1933709722e-01,
3.1897956427e-01,
3.1862213782e-01,
3.1826481806e-01,
3.1790760522e-01,
3.1755049949e-01,
3.1719350110e-01,
3.1683661024e-01,
3.1647982714e-01,
3.1612315200e-01,
3.1576658502e-01,
3.1541012643e-01,
3.1505377643e-01,
3.1469753522e-01,
3.1434140302e-01,
3.1398538005e-01,
3.1362946650e-01,
3.1327366258e-01,
3.1291796851e-01,
3.1256238450e-01,
3.1220691076e-01,
3.1185154748e-01,
3.1149629489e-01,
3.1114115319e-01,
3.1078612260e-01,
3.1043120331e-01,
3.1007639554e-01,
3.0972169950e-01,
3.0936711539e-01,
3.0901264343e-01,
3.0865828382e-01,
3.0830403677e-01,
3.0794990249e-01,
3.0759588119e-01,
3.0724197308e-01,
3.0688817836e-01,
3.0653449724e-01,
3.0618092994e-01,
3.0582747665e-01,
3.0547413759e-01,
3.0512091297e-01,
3.0476780298e-01,
3.0441480785e-01,
3.0406192777e-01,
3.0370916296e-01,
3.0335651363e-01,
3.0300397997e-01,
3.0265156220e-01,
3.0229926053e-01,
3.0194707515e-01,
3.0159500629e-01,
3.0124305415e-01,
3.0089121892e-01,
3.0053950083e-01,
3.0018790008e-01,
2.9983641687e-01,
2.9948505141e-01,
2.9913380391e-01,
2.9878267457e-01,
2.9843166360e-01,
2.9808077122e-01,
2.9772999761e-01,
2.9737934300e-01,
2.9702880758e-01,
2.9667839156e-01,
2.9632809516e-01,
2.9597791857e-01,
2.9562786200e-01,
2.9527792565e-01,
2.9492810974e-01,
2.9457841447e-01,
2.9422884004e-01,
2.9387938667e-01,
2.9353005454e-01,
2.9318084388e-01,
2.9283175489e-01,
2.9248278776e-01,
2.9213394272e-01,
2.9178521995e-01,
2.9143661967e-01,
2.9108814209e-01,
2.9073978740e-01,
2.9039155582e-01,
2.9004344754e-01,
2.8969546278e-01,
2.8934760173e-01,
2.8899986460e-01,
2.8865225160e-01,
2.8830476293e-01,
2.8795739879e-01,
2.8761015940e-01,
2.8726304494e-01,
2.8691605564e-01,
2.8656919168e-01,
2.8622245328e-01,
2.8587584065e-01,
2.8552935397e-01,
2.8518299347e-01,
2.8483675933e-01,
2.8449065177e-01,
2.8414467099e-01,
2.8379881719e-01,
2.8345309057e-01,
2.8310749135e-01,
2.8276201972e-01,
2.8241667588e-01,
2.8207146004e-01,
2.8172637240e-01,
2.8138141317e-01,
2.8103658254e-01,
2.8069188073e-01,
2.8034730793e-01,
2.8000286435e-01,
2.7965855018e-01,
2.7931436563e-01,
2.7897031091e-01,
2.7862638622e-01,
2.7828259175e-01,
2.7793892771e-01,
2.7759539431e-01,
2.7725199174e-01,
2.7690872021e-01,
2.7656557992e-01,
2.7622257107e-01,
2.7587969386e-01,
2.7553694849e-01,
2.7519433517e-01,
2.7485185410e-01,
2.7450950548e-01,
2.7416728950e-01,
2.7382520638e-01,
2.7348325631e-01,
2.7314143950e-01,
2.7279975614e-01,
2.7245820644e-01,
2.7211679059e-01,
2.7177550880e-01,
2.7143436127e-01,
2.7109334820e-01,
2.7075246979e-01,
2.7041172624e-01,
2.7007111775e-01,
2.6973064452e-01,
2.6939030675e-01,
2.6905010465e-01,
2.6871003841e-01,
2.6837010822e-01,
2.6803031430e-01,
2.6769065685e-01,
2.6735113605e-01,
2.6701175212e-01,
2.6667250524e-01,
2.6633339563e-01,
2.6599442348e-01,
2.6565558898e-01,
2.6531689235e-01,
2.6497833377e-01,
2.6463991345e-01,
2.6430163159e-01,
2.6396348838e-01,
2.6362548402e-01,
2.6328761872e-01,
2.6294989267e-01,
2.6261230608e-01,
2.6227485913e-01,
2.6193755202e-01,
2.6160038497e-01,
2.6126335816e-01,
2.6092647179e-01,
2.6058972606e-01,
2.6025312117e-01,
2.5991665732e-01,
2.5958033470e-01,
2.5924415351e-01,
2.5890811396e-01,
2.5857221623e-01,
2.5823646053e-01,
2.5790084706e-01,
2.5756537600e-01,
2.5723004756e-01,
2.5689486194e-01,
2.5655981933e-01,
2.5622491993e-01,
2.5589016393e-01,
2.5555555154e-01,
2.5522108295e-01,
2.5488675836e-01,
2.5455257796e-01,
2.5421854195e-01,
2.5388465052e-01,
2.5355090389e-01,
2.5321730223e-01,
2.5288384574e-01,
2.5255053463e-01,
2.5221736909e-01,
2.5188434931e-01,
2.5155147549e-01,
2.5121874783e-01,
2.5088616651e-01,
2.5055373175e-01,
2.5022144373e-01,
2.4988930264e-01,
2.4955730869e-01,
2.4922546207e-01,
2.4889376298e-01,
2.4856221160e-01,
2.4823080814e-01,
2.4789955278e-01,
2.4756844573e-01,
2.4723748718e-01,
2.4690667733e-01,
2.4657601636e-01,
2.4624550447e-01,
2.4591514187e-01,
2.4558492873e-01,
2.4525486526e-01,
2.4492495165e-01,
2.4459518809e-01,
2.4426557478e-01,
2.4393611191e-01,
2.4360679968e-01,
2.4327763828e-01,
2.4294862790e-01,
2.4261976874e-01,
2.4229106099e-01,
2.4196250484e-01,
2.4163410049e-01,
2.4130584813e-01,
2.4097774795e-01,
2.4064980015e-01,
2.4032200492e-01,
2.3999436245e-01,
2.3966687293e-01,
2.3933953656e-01,
2.3901235353e-01,
2.3868532403e-01,
2.3835844826e-01,
2.3803172641e-01,
2.3770515866e-01,
2.3737874522e-01,
2.3705248626e-01,
2.3672638200e-01,
2.3640043261e-01,
2.3607463829e-01,
2.3574899923e-01,
2.3542351562e-01,
2.3509818766e-01,
2.3477301553e-01,
2.3444799942e-01,
2.3412313954e-01,
2.3379843606e-01,
2.3347388918e-01,
2.3314949910e-01,
2.3282526599e-01,
2.3250119006e-01,
2.3217727149e-01,
2.3185351047e-01,
2.3152990719e-01,
2.3120646185e-01,
2.3088317464e-01,
2.3056004573e-01,
2.3023707534e-01,
2.2991426364e-01,
2.2959161082e-01,
2.2926911707e-01,
2.2894678259e-01,
2.2862460757e-01,
2.2830259218e-01,
2.2798073663e-01,
2.2765904111e-01,
2.2733750579e-01,
2.2701613087e-01,
2.2669491654e-01,
2.2637386300e-01,
2.2605297041e-01,
2.2573223899e-01,
2.2541166891e-01,
2.2509126036e-01,
2.2477101353e-01,
2.2445092862e-01,
2.2413100580e-01,
2.2381124527e-01,
2.2349164721e-01,
2.2317221182e-01,
2.2285293927e-01,
2.2253382977e-01,
2.2221488349e-01,
2.2189610063e-01,
2.2157748136e-01,
2.2125902589e-01,
2.2094073439e-01,
2.2062260705e-01,
2.2030464407e-01,
2.1998684562e-01,
2.1966921190e-01,
2.1935174309e-01,
2.1903443938e-01,
2.1871730095e-01,
2.1840032799e-01,
2.1808352069e-01,
2.1776687924e-01,
2.1745040382e-01,
2.1713409461e-01,
2.1681795180e-01,
2.1650197559e-01,
2.1618616615e-01,
2.1587052366e-01,
2.1555504833e-01,
2.1523974033e-01,
2.1492459984e-01,
2.1460962706e-01,
2.1429482216e-01,
2.1398018534e-01,
2.1366571677e-01,
2.1335141665e-01,
2.1303728516e-01,
2.1272332248e-01,
2.1240952879e-01,
2.1209590429e-01,
2.1178244916e-01,
2.1146916357e-01,
2.1115604772e-01,
2.1084310179e-01,
2.1053032597e-01,
2.1021772043e-01,
2.0990528536e-01,
2.0959302095e-01,
2.0928092738e-01,
2.0896900483e-01,
2.0865725349e-01,
2.0834567353e-01,
2.0803426515e-01,
2.0772302852e-01,
2.0741196384e-01,
2.0710107127e-01,
2.0679035101e-01,
2.0647980324e-01,
2.0616942814e-01,
2.0585922589e-01,
2.0554919668e-01,
2.0523934068e-01,
2.0492965808e-01,
2.0462014907e-01,
2.0431081382e-01,
2.0400165252e-01,
2.0369266534e-01,
2.0338385248e-01,
2.0307521411e-01,
2.0276675041e-01,
2.0245846156e-01,
2.0215034775e-01,
2.0184240916e-01,
2.0153464597e-01,
2.0122705836e-01,
2.0091964650e-01,
2.0061241059e-01,
2.0030535080e-01,
1.9999846731e-01,
1.9969176031e-01,
1.9938522997e-01,
1.9907887647e-01,
1.9877270000e-01,
1.9846670073e-01,
1.9816087885e-01,
1.9785523453e-01,
1.9754976795e-01,
1.9724447930e-01,
1.9693936875e-01,
1.9663443648e-01,
1.9632968268e-01,
1.9602510752e-01,
1.9572071117e-01,
1.9541649383e-01,
1.9511245567e-01,
1.9480859686e-01,
1.9450491759e-01,
1.9420141804e-01,
1.9389809838e-01,
1.9359495879e-01,
1.9329199945e-01,
1.9298922053e-01,
1.9268662223e-01,
1.9238420471e-01,
1.9208196815e-01,
1.9177991273e-01,
1.9147803864e-01,
1.9117634603e-01,
1.9087483510e-01,
1.9057350602e-01,
1.9027235897e-01,
1.8997139412e-01,
1.8967061165e-01,
1.8937001174e-01,
1.8906959457e-01,
1.8876936031e-01,
1.8846930914e-01,
1.8816944124e-01,
1.8786975677e-01,
1.8757025593e-01,
1.8727093888e-01,
1.8697180580e-01,
1.8667285686e-01,
1.8637409225e-01,
1.8607551214e-01,
1.8577711670e-01,
1.8547890611e-01,
1.8518088054e-01,
1.8488304018e-01,
1.8458538519e-01,
1.8428791575e-01,
1.8399063203e-01,
1.8369353422e-01,
1.8339662247e-01,
1.8309989698e-01,
1.8280335792e-01,
1.8250700545e-01,
1.8221083976e-01,
1.8191486101e-01,
1.8161906938e-01,
1.8132346505e-01,
1.8102804819e-01,
1.8073281897e-01,
1.8043777757e-01,
1.8014292416e-01,
1.7984825891e-01,
1.7955378200e-01,
1.7925949360e-01,
1.7896539388e-01,
1.7867148302e-01,
1.7837776118e-01,
1.7808422856e-01,
1.7779088530e-01,
1.7749773159e-01,
1.7720476760e-01,
1.7691199351e-01,
1.7661940948e-01,
1.7632701568e-01,
1.7603481230e-01,
1.7574279949e-01,
1.7545097743e-01,
1.7515934630e-01,
1.7486790627e-01,
1.7457665750e-01,
1.7428560017e-01,
1.7399473445e-01,
1.7370406051e-01,
1.7341357852e-01,
1.7312328866e-01,
1.7283319108e-01,
1.7254328597e-01,
1.7225357350e-01,
1.7196405383e-01,
1.7167472714e-01,
1.7138559359e-01,
1.7109665335e-01,
1.7080790660e-01,
1.7051935351e-01,
1.7023099424e-01,
1.6994282897e-01,
1.6965485786e-01,
1.6936708108e-01,
1.6907949881e-01,
1.6879211120e-01,
1.6850491844e-01,
1.6821792069e-01,
1.6793111812e-01,
1.6764451090e-01,
1.6735809919e-01,
1.6707188317e-01,
1.6678586300e-01,
1.6650003885e-01,
1.6621441089e-01,
1.6592897929e-01,
1.6564374421e-01,
1.6535870583e-01,
1.6507386430e-01,
1.6478921981e-01,
1.6450477251e-01,
1.6422052258e-01,
1.6393647017e-01,
1.6365261546e-01,
1.6336895862e-01,
1.6308549981e-01,
1.6280223920e-01,
1.6251917695e-01,
1.6223631323e-01,
1.6195364821e-01,
1.6167118206e-01,
1.6138891493e-01,
1.6110684700e-01,
1.6082497844e-01,
1.6054330940e-01,
1.6026184005e-01,
1.5998057056e-01,
1.5969950110e-01,
1.5941863183e-01,
1.5913796291e-01,
1.5885749452e-01,
1.5857722681e-01,
1.5829715995e-01,
1.5801729410e-01,
1.5773762944e-01,
1.5745816611e-01,
1.5717890430e-01,
1.5689984416e-01,
1.5662098586e-01,
1.5634232955e-01,
1.5606387542e-01,
1.5578562361e-01,
1.5550757429e-01,
1.5522972763e-01,
1.5495208379e-01,
1.5467464293e-01,
1.5439740522e-01,
1.5412037082e-01,
1.5384353989e-01,
1.5356691259e-01,
1.5329048909e-01,
1.5301426956e-01,
1.5273825414e-01,
1.5246244301e-01,
1.5218683633e-01,
1.5191143425e-01,
1.5163623695e-01,
1.5136124458e-01,
1.5108645731e-01,
1.5081187530e-01,
1.5053749870e-01,
1.5026332768e-01,
1.4998936240e-01,
1.4971560303e-01,
1.4944204972e-01,
1.4916870263e-01,
1.4889556193e-01,
1.4862262777e-01,
1.4834990032e-01,
1.4807737974e-01,
1.4780506618e-01,
1.4753295981e-01,
1.4726106079e-01,
1.4698936928e-01,
1.4671788543e-01,
1.4644660941e-01,
1.4617554137e-01,
1.4590468148e-01,
1.4563402990e-01,
1.4536358678e-01,
1.4509335228e-01,
1.4482332657e-01,
1.4455350980e-01,
1.4428390213e-01,
1.4401450371e-01,
1.4374531472e-01,
1.4347633530e-01,
1.4320756561e-01,
1.4293900581e-01,
1.4267065607e-01,
1.4240251653e-01,
1.4213458736e-01,
1.4186686871e-01,
1.4159936074e-01,
1.4133206361e-01,
1.4106497747e-01,
1.4079810249e-01,
1.4053143881e-01,
1.4026498661e-01,
1.3999874602e-01,
1.3973271721e-01,
1.3946690034e-01,
1.3920129556e-01,
1.3893590304e-01,
1.3867072291e-01,
1.3840575535e-01,
1.3814100050e-01,
1.3787645852e-01,
1.3761212958e-01,
1.3734801381e-01,
1.3708411139e-01,
1.3682042246e-01,
1.3655694718e-01,
1.3629368570e-01,
1.3603063818e-01,
1.3576780478e-01,
1.3550518564e-01,
1.3524278093e-01,
1.3498059079e-01,
1.3471861539e-01,
1.3445685487e-01,
1.3419530939e-01,
1.3393397910e-01,
1.3367286416e-01,
1.3341196473e-01,
1.3315128094e-01,
1.3289081297e-01,
1.3263056095e-01,
1.3237052505e-01,
1.3211070542e-01,
1.3185110220e-01,
1.3159171556e-01,
1.3133254564e-01,
1.3107359261e-01,
1.3081485660e-01,
1.3055633777e-01,
1.3029803628e-01,
1.3003995227e-01,
1.2978208590e-01,
1.2952443732e-01,
1.2926700668e-01,
1.2900979414e-01,
1.2875279984e-01,
1.2849602393e-01,
1.2823946657e-01,
1.2798312791e-01,
1.2772700810e-01,
1.2747110728e-01,
1.2721542561e-01,
1.2695996324e-01,
1.2670472033e-01,
1.2644969701e-01,
1.2619489344e-01,
1.2594030977e-01,
1.2568594616e-01,
1.2543180274e-01,
1.2517787967e-01,
1.2492417710e-01,
1.2467069517e-01,
1.2441743405e-01,
1.2416439386e-01,
1.2391157478e-01,
1.2365897693e-01,
1.2340660048e-01,
1.2315444557e-01,
1.2290251234e-01,
1.2265080095e-01,
1.2239931155e-01,
1.2214804428e-01,
1.2189699929e-01,
1.2164617673e-01,
1.2139557675e-01,
1.2114519948e-01,
1.2089504509e-01,
1.2064511372e-01,
1.2039540551e-01,
1.2014592061e-01,
1.1989665917e-01,
1.1964762134e-01,
1.1939880726e-01,
1.1915021707e-01,
1.1890185093e-01,
1.1865370898e-01,
1.1840579137e-01,
1.1815809824e-01,
1.1791062973e-01,
1.1766338600e-01,
1.1741636719e-01,
1.1716957344e-01,
1.1692300490e-01,
1.1667666172e-01,
1.1643054403e-01,
1.1618465199e-01,
1.1593898574e-01,
1.1569354542e-01,
1.1544833118e-01,
1.1520334316e-01,
1.1495858150e-01,
1.1471404636e-01,
1.1446973787e-01,
1.1422565618e-01,
1.1398180142e-01,
1.1373817376e-01,
1.1349477332e-01,
1.1325160025e-01,
1.1300865470e-01,
1.1276593680e-01,
1.1252344670e-01,
1.1228118455e-01,
1.1203915048e-01,
1.1179734464e-01,
1.1155576716e-01,
1.1131441820e-01,
1.1107329790e-01,
1.1083240638e-01,
1.1059174381e-01,
1.1035131031e-01,
1.1011110604e-01,
1.0987113112e-01,
1.0963138571e-01,
1.0939186995e-01,
1.0915258396e-01,
1.0891352791e-01,
1.0867470192e-01,
1.0843610613e-01,
1.0819774070e-01,
1.0795960575e-01,
1.0772170142e-01,
1.0748402787e-01,
1.0724658522e-01,
1.0700937362e-01,
1.0677239320e-01,
1.0653564411e-01,
1.0629912649e-01,
1.0606284046e-01,
1.0582678619e-01,
1.0559096379e-01,
1.0535537342e-01,
1.0512001520e-01,
1.0488488928e-01,
1.0464999580e-01,
1.0441533489e-01,
1.0418090670e-01,
1.0394671135e-01,
1.0371274899e-01,
1.0347901976e-01,
1.0324552379e-01,
1.0301226122e-01,
1.0277923219e-01,
1.0254643684e-01,
1.0231387529e-01,
1.0208154770e-01,
1.0184945418e-01,
1.0161759490e-01,
1.0138596996e-01,
1.0115457953e-01,
1.0092342372e-01,
1.0069250268e-01,
1.0046181655e-01,
1.0023136545e-01,
1.0000114952e-01,
9.9771168904e-02,
9.9541423731e-02,
9.9311914138e-02,
9.9082640260e-02,
9.8853602231e-02,
9.8624800186e-02,
9.8396234260e-02,
9.8167904587e-02,
9.7939811301e-02,
9.7711954537e-02,
9.7484334429e-02,
9.7256951110e-02,
9.7029804714e-02,
9.6802895376e-02,
9.6576223228e-02,
9.6349788404e-02,
9.6123591037e-02,
9.5897631260e-02,
9.5671909206e-02,
9.5446425008e-02,
9.5221178798e-02,
9.4996170709e-02,
9.4771400874e-02,
9.4546869424e-02,
9.4322576491e-02,
9.4098522209e-02,
9.3874706707e-02,
9.3651130119e-02,
9.3427792575e-02,
9.3204694208e-02,
9.2981835147e-02,
9.2759215525e-02,
9.2536835472e-02,
9.2314695119e-02,
9.2092794597e-02,
9.1871134036e-02,
9.1649713567e-02,
9.1428533319e-02,
9.1207593424e-02,
9.0986894011e-02,
9.0766435210e-02,
9.0546217150e-02,
9.0326239962e-02,
9.0106503774e-02,
8.9887008715e-02,
8.9667754916e-02,
8.9448742504e-02,
8.9229971610e-02,
8.9011442360e-02,
8.8793154885e-02,
8.8575109312e-02,
8.8357305770e-02,
8.8139744386e-02,
8.7922425290e-02,
8.7705348607e-02,
8.7488514468e-02,
8.7271922998e-02,
8.7055574325e-02,
8.6839468577e-02,
8.6623605881e-02,
8.6407986363e-02,
8.6192610151e-02,
8.5977477371e-02,
8.5762588150e-02,
8.5547942614e-02,
8.5333540890e-02,
8.5119383103e-02,
8.4905469379e-02,
8.4691799846e-02,
8.4478374627e-02,
8.4265193849e-02,
8.4052257637e-02,
8.3839566116e-02,
8.3627119412e-02,
8.3414917649e-02,
8.3202960953e-02,
8.2991249447e-02,
8.2779783257e-02,
8.2568562507e-02,
8.2357587321e-02,
8.2146857823e-02,
8.1936374138e-02,
8.1726136388e-02,
8.1516144699e-02,
8.1306399192e-02,
8.1096899992e-02,
8.0887647223e-02,
8.0678641006e-02,
8.0469881465e-02,
8.0261368723e-02,
8.0053102902e-02,
7.9845084125e-02,
7.9637312515e-02,
7.9429788193e-02,
7.9222511282e-02,
7.9015481903e-02,
7.8808700178e-02,
7.8602166230e-02,
7.8395880179e-02,
7.8189842147e-02,
7.7984052255e-02,
7.7778510624e-02,
7.7573217375e-02,
7.7368172629e-02,
7.7163376506e-02,
7.6958829128e-02,
7.6754530613e-02,
7.6550481083e-02,
7.6346680657e-02,
7.6143129456e-02,
7.5939827598e-02,
7.5736775205e-02,
7.5533972394e-02,
7.5331419286e-02,
7.5129116000e-02,
7.4927062654e-02,
7.4725259367e-02,
7.4523706259e-02,
7.4322403447e-02,
7.4121351051e-02,
7.3920549188e-02,
7.3719997977e-02,
7.3519697535e-02,
7.3319647980e-02,
7.3119849431e-02,
7.2920302004e-02,
7.2721005817e-02,
7.2521960988e-02,
7.2323167632e-02,
7.2124625868e-02,
7.1926335812e-02,
7.1728297581e-02,
7.1530511291e-02,
7.1332977059e-02,
7.1135695000e-02,
7.0938665231e-02,
7.0741887868e-02,
7.0545363026e-02,
7.0349090821e-02,
7.0153071369e-02,
6.9957304785e-02,
6.9761791184e-02,
6.9566530681e-02,
6.9371523391e-02,
6.9176769428e-02,
6.8982268908e-02,
6.8788021944e-02,
6.8594028652e-02,
6.8400289144e-02,
6.8206803535e-02,
6.8013571939e-02,
6.7820594470e-02,
6.7627871240e-02,
6.7435402364e-02,
6.7243187955e-02,
6.7051228125e-02,
6.6859522988e-02,
6.6668072656e-02,
6.6476877242e-02,
6.6285936859e-02,
6.6095251618e-02,
6.5904821633e-02,
6.5714647014e-02,
6.5524727875e-02,
6.5335064326e-02,
6.5145656479e-02,
6.4956504446e-02,
6.4767608337e-02,
6.4578968265e-02,
6.4390584340e-02,
6.4202456672e-02,
6.4014585373e-02,
6.3826970553e-02,
6.3639612322e-02,
6.3452510791e-02,
6.3265666069e-02,
6.3079078267e-02,
6.2892747495e-02,
6.2706673861e-02,
6.2520857476e-02,
6.2335298448e-02,
6.2149996887e-02,
6.1964952902e-02,
6.1780166602e-02,
6.1595638095e-02,
6.1411367491e-02,
6.1227354896e-02,
6.1043600421e-02,
6.0860104172e-02,
6.0676866257e-02,
6.0493886786e-02,
6.0311165864e-02,
6.0128703600e-02,
5.9946500101e-02,
5.9764555474e-02,
5.9582869826e-02,
5.9401443264e-02,
5.9220275895e-02,
5.9039367826e-02,
5.8858719162e-02,
5.8678330010e-02,
5.8498200477e-02,
5.8318330667e-02,
5.8138720688e-02,
5.7959370644e-02,
5.7780280641e-02,
5.7601450785e-02,
5.7422881180e-02,
5.7244571932e-02,
5.7066523146e-02,
5.6888734926e-02,
5.6711207377e-02,
5.6533940603e-02,
5.6356934709e-02,
5.6180189799e-02,
5.6003705976e-02,
5.5827483345e-02,
5.5651522010e-02,
5.5475822073e-02,
5.5300383638e-02,
5.5125206808e-02,
5.4950291687e-02,
5.4775638378e-02,
5.4601246982e-02,
5.4427117603e-02,
5.4253250343e-02,
5.4079645304e-02,
5.3906302589e-02,
5.3733222299e-02,
5.3560404536e-02,
5.3387849402e-02,
5.3215556999e-02,
5.3043527427e-02,
5.2871760789e-02,
5.2700257184e-02,
5.2529016715e-02,
5.2358039481e-02,
5.2187325583e-02,
5.2016875122e-02,
5.1846688198e-02,
5.1676764911e-02,
5.1507105361e-02,
5.1337709647e-02,
5.1168577870e-02,
5.0999710130e-02,
5.0831106524e-02,
5.0662767153e-02,
5.0494692115e-02,
5.0326881510e-02,
5.0159335436e-02,
4.9992053992e-02,
4.9825037276e-02,
4.9658285386e-02,
4.9491798420e-02,
4.9325576477e-02,
4.9159619654e-02,
4.8993928049e-02,
4.8828501759e-02,
4.8663340881e-02,
4.8498445514e-02,
4.8333815753e-02,
4.8169451695e-02,
4.8005353438e-02,
4.7841521078e-02,
4.7677954711e-02,
4.7514654433e-02,
4.7351620341e-02,
4.7188852530e-02,
4.7026351096e-02,
4.6864116135e-02,
4.6702147743e-02,
4.6540446013e-02,
4.6379011042e-02,
4.6217842925e-02,
4.6056941756e-02,
4.5896307630e-02,
4.5735940642e-02,
4.5575840885e-02,
4.5416008455e-02,
4.5256443444e-02,
4.5097145948e-02,
4.4938116059e-02,
4.4779353871e-02,
4.4620859478e-02,
4.4462632972e-02,
4.4304674448e-02,
4.4146983997e-02,
4.3989561713e-02,
4.3832407688e-02,
4.3675522015e-02,
4.3518904786e-02,
4.3362556093e-02,
4.3206476027e-02,
4.3050664682e-02,
4.2895122148e-02,
4.2739848517e-02,
4.2584843881e-02,
4.2430108330e-02,
4.2275641956e-02,
4.2121444849e-02,
4.1967517100e-02,
4.1813858800e-02,
4.1660470039e-02,
4.1507350908e-02,
4.1354501496e-02,
4.1201921893e-02,
4.1049612189e-02,
4.0897572474e-02,
4.0745802837e-02,
4.0594303368e-02,
4.0443074155e-02,
4.0292115288e-02,
4.0141426854e-02,
3.9991008944e-02,
3.9840861645e-02,
3.9690985046e-02,
3.9541379235e-02,
3.9392044300e-02,
3.9242980329e-02,
3.9094187409e-02,
3.8945665628e-02,
3.8797415074e-02,
3.8649435833e-02,
3.8501727993e-02,
3.8354291640e-02,
3.8207126862e-02,
3.8060233744e-02,
3.7913612374e-02,
3.7767262837e-02,
3.7621185220e-02,
3.7475379609e-02,
3.7329846088e-02,
3.7184584745e-02,
3.7039595664e-02,
3.6894878931e-02,
3.6750434630e-02,
3.6606262848e-02,
3.6462363668e-02,
3.6318737175e-02,
3.6175383454e-02,
3.6032302589e-02,
3.5889494664e-02,
3.5746959763e-02,
3.5604697971e-02,
3.5462709370e-02,
3.5320994045e-02,
3.5179552078e-02,
3.5038383554e-02,
3.4897488554e-02,
3.4756867162e-02,
3.4616519461e-02,
3.4476445532e-02,
3.4336645459e-02,
3.4197119324e-02,
3.4057867209e-02,
3.3918889196e-02,
3.3780185366e-02,
3.3641755801e-02,
3.3503600583e-02,
3.3365719792e-02,
3.3228113511e-02,
3.3090781819e-02,
3.2953724798e-02,
3.2816942528e-02,
3.2680435090e-02,
3.2544202564e-02,
3.2408245031e-02,
3.2272562569e-02,
3.2137155259e-02,
3.2002023182e-02,
3.1867166415e-02,
3.1732585039e-02,
3.1598279132e-02,
3.1464248774e-02,
3.1330494044e-02,
3.1197015020e-02,
3.1063811780e-02,
3.0930884404e-02,
3.0798232968e-02,
3.0665857553e-02,
3.0533758234e-02,
3.0401935090e-02,
3.0270388199e-02,
3.0139117637e-02,
3.0008123483e-02,
2.9877405813e-02,
2.9746964703e-02,
2.9616800232e-02,
2.9486912475e-02,
2.9357301508e-02,
2.9227967408e-02,
2.9098910252e-02,
2.8970130114e-02,
2.8841627072e-02,
2.8713401199e-02,
2.8585452573e-02,
2.8457781267e-02,
2.8330387357e-02,
2.8203270919e-02,
2.8076432026e-02,
2.7949870754e-02,
2.7823587177e-02,
2.7697581369e-02,
2.7571853405e-02,
2.7446403357e-02,
2.7321231301e-02,
2.7196337310e-02,
2.7071721457e-02,
2.6947383815e-02,
2.6823324458e-02,
2.6699543458e-02,
2.6576040889e-02,
2.6452816824e-02,
2.6329871333e-02,
2.6207204491e-02,
2.6084816369e-02,
2.5962707039e-02,
2.5840876573e-02,
2.5719325042e-02,
2.5598052519e-02,
2.5477059074e-02,
2.5356344778e-02,
2.5235909703e-02,
2.5115753920e-02,
2.4995877499e-02,
2.4876280511e-02,
2.4756963025e-02,
2.4637925113e-02,
2.4519166844e-02,
2.4400688288e-02,
2.4282489515e-02,
2.4164570595e-02,
2.4046931596e-02,
2.3929572588e-02,
2.3812493640e-02,
2.3695694821e-02,
2.3579176199e-02,
2.3462937844e-02,
2.3346979823e-02,
2.3231302205e-02,
2.3115905057e-02,
2.3000788448e-02,
2.2885952445e-02,
2.2771397117e-02,
2.2657122529e-02,
2.2543128750e-02,
2.2429415847e-02,
2.2315983886e-02,
2.2202832935e-02,
2.2089963059e-02,
2.1977374325e-02,
2.1865066800e-02,
2.1753040549e-02,
2.1641295638e-02,
2.1529832134e-02,
2.1418650101e-02,
2.1307749606e-02,
2.1197130712e-02,
2.1086793486e-02,
2.0976737993e-02,
2.0866964296e-02,
2.0757472461e-02,
2.0648262552e-02,
2.0539334633e-02,
2.0430688769e-02,
2.0322325023e-02,
2.0214243459e-02,
2.0106444141e-02,
1.9998927131e-02,
1.9891692494e-02,
1.9784740292e-02,
1.9678070589e-02,
1.9571683446e-02,
1.9465578927e-02,
1.9359757094e-02,
1.9254218010e-02,
1.9148961735e-02,
1.9043988333e-02,
1.8939297865e-02,
1.8834890393e-02,
1.8730765978e-02,
1.8626924681e-02,
1.8523366563e-02,
1.8420091686e-02,
1.8317100110e-02,
1.8214391895e-02,
1.8111967102e-02,
1.8009825792e-02,
1.7907968024e-02,
1.7806393859e-02,
1.7705103355e-02,
1.7604096573e-02,
1.7503373573e-02,
1.7402934412e-02,
1.7302779151e-02,
1.7202907849e-02,
1.7103320563e-02,
1.7004017353e-02,
1.6904998277e-02,
1.6806263394e-02,
1.6707812761e-02,
1.6609646436e-02,
1.6511764478e-02,
1.6414166943e-02,
1.6316853889e-02,
1.6219825373e-02,
1.6123081453e-02,
1.6026622186e-02,
1.5930447627e-02,
1.5834557834e-02,
1.5738952863e-02,
1.5643632770e-02,
1.5548597612e-02,
1.5453847444e-02,
1.5359382322e-02,
1.5265202301e-02,
1.5171307438e-02,
1.5077697787e-02,
1.4984373403e-02,
1.4891334341e-02,
1.4798580656e-02,
1.4706112403e-02,
1.4613929636e-02,
1.4522032408e-02,
1.4430420775e-02,
1.4339094790e-02,
1.4248054507e-02,
1.4157299979e-02,
1.4066831260e-02,
1.3976648403e-02,
1.3886751461e-02,
1.3797140486e-02,
1.3707815533e-02,
1.3618776652e-02,
1.3530023897e-02,
1.3441557320e-02,
1.3353376973e-02,
1.3265482907e-02,
1.3177875175e-02,
1.3090553827e-02,
1.3003518916e-02,
1.2916770492e-02,
1.2830308607e-02,
1.2744133311e-02,
1.2658244656e-02,
1.2572642691e-02,
1.2487327467e-02,
1.2402299034e-02,
1.2317557442e-02,
1.2233102741e-02,
1.2148934981e-02,
1.2065054211e-02,
1.1981460480e-02,
1.1898153839e-02,
1.1815134335e-02,
1.1732402018e-02,
1.1649956936e-02,
1.1567799137e-02,
1.1485928671e-02,
1.1404345585e-02,
1.1323049927e-02,
1.1242041746e-02,
1.1161321088e-02,
1.1080888001e-02,
1.1000742533e-02,
1.0920884730e-02,
1.0841314640e-02,
1.0762032310e-02,
1.0683037785e-02,
1.0604331113e-02,
1.0525912340e-02,
1.0447781512e-02,
1.0369938675e-02,
1.0292383875e-02,
1.0215117157e-02,
1.0138138567e-02,
1.0061448150e-02,
9.9850459515e-03,
9.9089320159e-03,
9.8331063883e-03,
9.7575691133e-03,
9.6823202352e-03,
9.6073597984e-03,
9.5326878469e-03,
9.4583044248e-03,
9.3842095756e-03,
9.3104033431e-03,
9.2368857707e-03,
9.1636569015e-03,
9.0907167787e-03,
9.0180654452e-03,
8.9457029437e-03,
8.8736293169e-03,
8.8018446070e-03,
8.7303488563e-03,
8.6591421069e-03,
8.5882244006e-03,
8.5175957793e-03,
8.4472562844e-03,
8.3772059573e-03,
8.3074448392e-03,
8.2379729712e-03,
8.1687903941e-03,
8.0998971487e-03,
8.0312932754e-03,
7.9629788146e-03,
7.8949538065e-03,
7.8272182912e-03,
7.7597723084e-03,
7.6926158978e-03,
7.6257490990e-03,
7.5591719513e-03,
7.4928844939e-03,
7.4268867657e-03,
7.3611788055e-03,
7.2957606521e-03,
7.2306323439e-03,
7.1657939192e-03,
7.1012454162e-03,
7.0369868728e-03,
6.9730183269e-03,
6.9093398160e-03,
6.8459513777e-03,
6.7828530492e-03,
6.7200448676e-03,
6.6575268699e-03,
6.5952990929e-03,
6.5333615732e-03,
6.4717143471e-03,
6.4103574511e-03,
6.3492909211e-03,
6.2885147931e-03,
6.2280291028e-03,
6.1678338859e-03,
6.1079291777e-03,
6.0483150135e-03,
5.9889914284e-03,
5.9299584572e-03,
5.8712161346e-03,
5.8127644953e-03,
5.7546035737e-03,
5.6967334038e-03,
5.6391540198e-03,
5.5818654556e-03,
5.5248677448e-03,
5.4681609211e-03,
5.4117450176e-03,
5.3556200677e-03,
5.2997861043e-03,
5.2442431603e-03,
5.1889912684e-03,
5.1340304610e-03,
5.0793607706e-03,
5.0249822292e-03,
4.9708948689e-03,
4.9170987214e-03,
4.8635938184e-03,
4.8103801914e-03,
4.7574578718e-03,
4.7048268905e-03,
4.6524872787e-03,
4.6004390670e-03,
4.5486822861e-03,
4.4972169665e-03,
4.4460431384e-03,
4.3951608319e-03,
4.3445700769e-03,
4.2942709033e-03,
4.2442633406e-03,
4.1945474183e-03,
4.1451231655e-03,
4.0959906113e-03,
4.0471497847e-03,
3.9986007144e-03,
3.9503434289e-03,
3.9023779567e-03,
3.8547043259e-03,
3.8073225646e-03,
3.7602327006e-03,
3.7134347618e-03,
3.6669287755e-03,
3.6207147692e-03,
3.5747927701e-03,
3.5291628051e-03,
3.4838249011e-03,
3.4387790848e-03,
3.3940253826e-03,
3.3495638210e-03,
3.3053944260e-03,
3.2615172236e-03,
3.2179322397e-03,
3.1746394999e-03,
3.1316390296e-03,
3.0889308542e-03,
3.0465149988e-03,
3.0043914883e-03,
2.9625603476e-03,
2.9210216011e-03,
2.8797752734e-03,
2.8388213887e-03,
2.7981599712e-03,
2.7577910446e-03,
2.7177146329e-03,
2.6779307595e-03,
2.6384394478e-03,
2.5992407212e-03,
2.5603346026e-03,
2.5217211149e-03,
2.4834002809e-03,
2.4453721231e-03,
2.4076366639e-03,
2.3701939254e-03,
2.3330439298e-03,
2.2961866987e-03,
2.2596222540e-03,
2.2233506172e-03,
2.1873718095e-03,
2.1516858522e-03,
2.1162927662e-03,
2.0811925723e-03,
2.0463852913e-03,
2.0118709435e-03,
1.9776495494e-03,
1.9437211289e-03,
1.9100857022e-03,
1.8767432888e-03,
1.8436939086e-03,
1.8109375809e-03,
1.7784743250e-03,
1.7463041599e-03,
1.7144271047e-03,
1.6828431781e-03,
1.6515523986e-03,
1.6205547846e-03,
1.5898503544e-03,
1.5594391261e-03,
1.5293211175e-03,
1.4994963464e-03,
1.4699648303e-03,
1.4407265865e-03,
1.4117816323e-03,
1.3831299848e-03,
1.3547716607e-03,
1.3267066767e-03,
1.2989350494e-03,
1.2714567950e-03,
1.2442719298e-03,
1.2173804698e-03,
1.1907824307e-03,
1.1644778283e-03,
1.1384666779e-03,
1.1127489949e-03,
1.0873247944e-03,
1.0621940914e-03,
1.0373569007e-03,
1.0128132368e-03,
9.8856311426e-04,
9.6460654726e-04,
9.4094354993e-04,
9.1757413618e-04,
8.9449831976e-04,
8.7171611425e-04,
8.4922753305e-04,
8.2703258939e-04,
8.0513129633e-04,
7.8352366675e-04,
7.6220971335e-04,
7.4118944869e-04,
7.2046288512e-04,
7.0003003484e-04,
6.7989090987e-04,
6.6004552205e-04,
6.4049388306e-04,
6.2123600441e-04,
6.0227189741e-04,
5.8360157324e-04,
5.6522504286e-04,
5.4714231709e-04,
5.2935340657e-04,
5.1185832177e-04,
4.9465707296e-04,
4.7774967029e-04,
4.6113612368e-04,
4.4481644291e-04,
4.2879063759e-04,
4.1305871714e-04,
3.9762069082e-04,
3.8247656770e-04,
3.6762635670e-04,
3.5307006656e-04,
3.3880770583e-04,
3.2483928290e-04,
3.1116480600e-04,
2.9778428316e-04,
2.8469772227e-04,
2.7190513101e-04,
2.5940651692e-04,
2.4720188734e-04,
2.3529124945e-04,
2.2367461027e-04,
2.1235197663e-04,
2.0132335518e-04,
1.9058875241e-04,
1.8014817464e-04,
1.7000162802e-04,
1.6014911851e-04,
1.5059065190e-04,
1.4132623382e-04,
1.3235586972e-04,
1.2367956488e-04,
1.1529732439e-04,
1.0720915320e-04,
9.9415056058e-05,
9.1915037550e-05,
8.4709102088e-05,
7.7797253912e-05,
7.1179497088e-05,
6.4855835509e-05,
5.8826272894e-05,
5.3090812791e-05,
4.7649458574e-05,
4.2502213443e-05,
3.7649080428e-05,
3.3090062382e-05,
2.8825161988e-05,
2.4854381755e-05,
2.1177724018e-05,
1.7795190941e-05,
1.4706784513e-05,
1.1912506551e-05,
9.4123586994e-06,
7.2063424284e-06,
5.2944590358e-06,
3.6767096464e-06,
2.3530952119e-06,
1.3236165109e-06,
0,
0,
