-2.0111698657e-02,
-2.9908139259e-02,
-2.9541917145e-02,
-4.0620137006e-02,
-4.2847987264e-02,
-1.0742515326e-02,
3.3112581819e-02,
4.5716729015e-02,
2.3957030848e-02,
-7.1718497202e-03,
-4.5777764171e-02,
-8.1057161093e-02,
-8.0813013017e-02,
-4.9745172262e-02,
-1.1719107628e-02,
2.3102512583e-02,
4.2695395648e-02,
4.7273170203e-02,
4.6540725976e-02,
3.7629321218e-02,
1.0528885759e-02,
-3.8483839482e-02,
-7.7761165798e-02,
-6.5675832331e-02,
-2.0722068846e-02,
1.3061922044e-02,
2.6459548622e-02,
2.0966216922e-02,
2.8992583975e-03,
-6.7751090974e-03,
-5.9511093423e-03,
-9.4912564382e-03,
-1.2482070364e-02,
-5.4933317006e-04,
2.5849178433e-02,
4.6266060323e-02,
3.4333322197e-02,
6.8056276068e-03,
9.7659230232e-03,
3.9490953088e-02,
5.7405315340e-02,
4.4038210064e-02,
-8.8503677398e-04,
-4.4923245907e-02,
-4.5747246593e-02,
-1.2543107383e-02,
1.4770958573e-02,
2.5269325823e-02,
3.7110507488e-02,
5.0843838602e-02,
5.5177465081e-02,
6.8208865821e-02,
8.4047973156e-02,
5.9175390750e-02,
4.3031098321e-03,
-4.4038210064e-02,
-8.0385752022e-02,
-8.4353163838e-02,
-4.9226354808e-02,
-1.0773033835e-02,
2.2034363821e-02,
5.8778651059e-02,
8.0172121525e-02,
7.2054199874e-02,
4.7364726663e-02,
2.7283547446e-02,
2.9206214473e-02,
4.2542804033e-02,
3.5248879343e-02,
1.1383404024e-02,
3.9674062282e-04,
-1.7090365291e-03,
1.4954069629e-03,
3.0823694542e-02,
6.9429606199e-02,
7.8035831451e-02,
6.1494797468e-02,
4.3336283416e-02,
2.4445326999e-02,
3.1128879637e-03,
-1.1444441043e-02,
-1.6327403486e-02,
-2.2370068356e-02,
-3.7171546370e-02,
-4.8341318965e-02,
-3.7446212023e-02,
-3.7537766621e-03,
3.8819544017e-02,
7.5502790511e-02,
9.5339827240e-02,
9.7781307995e-02,
8.6886197329e-02,
6.1677906662e-02,
2.8260139748e-02,
1.4648884535e-03,
-1.6602069139e-02,
-3.3448286355e-02,
-3.9796136320e-02,
-2.8138065711e-02,
-9.7659230232e-03,
2.2644734010e-02,
6.6072575748e-02,
7.5197607279e-02,
4.8738058656e-02,
2.0477920771e-02,
-1.0284737684e-02,
-1.9440291449e-02,
1.6479995102e-02,
5.5513169616e-02,
7.1565903723e-02,
6.6286206245e-02,
3.6408580840e-02,
2.0447401330e-03,
-2.9053620994e-02,
-5.1637317985e-02,
-2.8565324843e-02,
2.8504287824e-02,
6.2318798155e-02,
6.6438794136e-02,
6.8269908428e-02,
6.2471389771e-02,
3.2746359706e-02,
7.9348124564e-04,
-7.6906643808e-03,
2.1057771519e-03,
2.0203253254e-02,
2.8870509937e-02,
2.2370068356e-02,
2.6703696698e-02,
3.3936582506e-02,
1.0437330231e-02,
-3.3509325236e-02,
-6.5523236990e-02,
-6.7873165011e-02,
-3.8239691406e-02,
1.9165623933e-02,
8.6428418756e-02,
1.2372203916e-01,
1.2073122710e-01,
9.5919676125e-02,
4.6510208398e-02,
-8.2094790414e-03,
-3.2135989517e-02,
-3.3143103123e-02,
-1.6937773675e-02,
2.2003846243e-02,
5.0508134067e-02,
4.6845912933e-02,
3.9094209671e-02,
4.5197911561e-02,
4.4862210751e-02,
1.9257180393e-02,
-2.0722068846e-02,
-4.7853022814e-02,
-5.6031983346e-02,
-6.2654502690e-02,
-5.5757317692e-02,
-6.9887386635e-03,
5.3590502590e-02,
7.6326794922e-02,
6.6469311714e-02,
4.7914061695e-02,
3.2502211630e-02,
3.2319102436e-02,
3.9551988244e-02,
3.5737175494e-02,
2.4048585445e-02,
3.3875545487e-03,
-3.1800288707e-02,
-5.5146947503e-02,
-4.9043245614e-02,
-2.0783105865e-02,
2.9114658013e-02,
6.3966795802e-02,
5.2125614136e-02,
3.9735101163e-02,
3.9307840168e-02,
1.7792291939e-02,
9.7659230232e-04,
4.8829615116e-04,
-6.3173314556e-03,
-3.1128879637e-03,
1.3397625647e-02,
2.3377178237e-02,
2.3438215256e-02,
8.3620715886e-03,
-1.0315256193e-02,
-1.1688589118e-02,
-6.8361461163e-03,
-9.7659230232e-03,
-1.0711996816e-02,
1.6174810007e-03,
2.1240882576e-02,
3.8789026439e-02,
6.0121465474e-02,
7.5533308089e-02,
5.4780725390e-02,
-1.9226660952e-03,
-5.8412428945e-02,
-7.2420425713e-02,
-3.3692434430e-02,
6.9887386635e-03,
4.3946653605e-03,
-1.8677327782e-02,
-3.9613027126e-02,
-6.3753165305e-02,
-6.6805019975e-02,
-3.5615101457e-02,
-3.5401470959e-03,
1.9837031141e-02,
4.1474655271e-02,
4.6388134360e-02,
3.9338357747e-02,
3.2471694052e-02,
1.2359996326e-02,
-2.0233772695e-02,
-3.8666952401e-02,
-3.0762657523e-02,
-1.0132145137e-02,
1.0132145137e-02,
2.5391399860e-02,
3.6988433450e-02,
5.7161167264e-02,
7.1687981486e-02,
4.5289468020e-02,
-1.3214514591e-02,
-6.9399088621e-02,
-9.6316419542e-02,
-7.7608570457e-02,
-2.9602954164e-02,
2.4475844577e-02,
5.7039093226e-02,
3.9246805012e-02,
1.1993774213e-02,
1.9013032317e-02,
2.9145177454e-02,
2.4445326999e-02,
1.4923551120e-02,
-3.0213324353e-03,
-2.6215400547e-02,
-4.2756430805e-02,
-3.5950805992e-02,
-1.1810663156e-02,
9.4607379287e-04,
5.9511093423e-03,
6.4394054934e-03,
-9.4912564382e-03,
-1.3061922044e-02,
2.0081179217e-02,
6.1494797468e-02,
7.6662495732e-02,
5.4506059736e-02,
-1.1902218685e-03,
-6.7964717746e-02,
-9.9917598069e-02,
-7.3091827333e-02,
-2.4201178923e-02,
-2.7771843597e-03,
-1.1719107628e-02,
-1.6418958083e-02,
-7.5991088524e-03,
-7.3244422674e-03,
-5.2797021344e-03,
6.3783684745e-03,
-4.3946653605e-03,
-2.9847102240e-02,
-3.4333322197e-02,
-2.7100436389e-02,
-2.9023103416e-02,
-3.3295694739e-02,
-2.5849178433e-02,
-1.9135106355e-02,
-2.8565324843e-02,
-3.5401470959e-02,
-3.4943692386e-02,
-3.5920284688e-02,
-2.0538957790e-02,
2.8992583975e-03,
1.5869624913e-03,
-2.0874660462e-02,
-3.8972135633e-02,
-3.8361765444e-02,
-3.0640583485e-02,
-2.6062807068e-02,
-9.0334787965e-03,
6.7140720785e-03,
-1.2573625892e-02,
-4.6479690820e-02,
-5.3651541471e-02,
-3.0152287334e-02,
3.7537766621e-03,
2.3651845753e-02,
1.8433179706e-02,
3.5096285865e-03,
-5.0355540588e-03,
-1.1261329986e-02,
-1.5930661932e-02,
-1.0620441288e-02,
1.5564439818e-03,
1.2298959307e-02,
1.2421033345e-02,
-7.5075533241e-03,
-3.3265177161e-02,
-4.3061617762e-02,
-3.9674062282e-02,
-2.1881772205e-02,
1.4465773478e-02,
3.4485917538e-02,
1.7120884731e-02,
3.0518509448e-04,
-3.1434064731e-03,
-2.0477920771e-02,
-4.2115543038e-02,
-4.2695395648e-02,
-2.6917325333e-02,
-1.1505478062e-02,
8.8503677398e-04,
2.0050661638e-02,
3.0915251002e-02,
1.4557329006e-02,
-5.3102206439e-03,
-1.2482070364e-02,
-1.0803552344e-02,
7.2328867391e-03,
3.3417768776e-02,
4.7700431198e-02,
3.6286506802e-02,
7.5075533241e-03,
1.4343699440e-03,
2.2888882086e-02,
4.1566211730e-02,
4.5136876404e-02,
2.5391399860e-02,
-2.3499252275e-03,
-1.0254219174e-02,
2.3499252275e-03,
3.3631399274e-02,
6.2349315733e-02,
6.7598499358e-02,
6.3295386732e-02,
4.8585467041e-02,
3.2990507782e-02,
3.2685324550e-02,
2.2186957300e-02,
3.1739249825e-03,
-2.1973326802e-03,
1.1902218685e-02,
5.2369762212e-02,
7.7059239149e-02,
6.0060426593e-02,
4.6662800014e-02,
3.6194954067e-02,
7.3244422674e-03,
-1.1383404024e-02,
-1.8311105669e-03,
1.7853328958e-02,
1.4313180931e-02,
-3.1128879637e-03,
2.0447401330e-03,
5.1576280966e-03,
-2.8992583975e-03,
1.4252143912e-02,
3.2471694052e-02,
3.1006805599e-02,
4.4953763485e-02,
5.9968870133e-02,
3.3631399274e-02,
1.5869624913e-03,
2.1698661149e-02,
5.5940426886e-02,
4.1383098811e-02,
1.0040589608e-02,
5.2797021344e-03,
9.2776268721e-03,
1.1261329986e-02,
1.1505478062e-02,
-2.9908139259e-03,
-3.2166510820e-02,
-5.5970948189e-02,
-4.7944579273e-02,
-1.4679403044e-02,
5.2797021344e-03,
1.1963255703e-02,
1.9531846046e-02,
1.2756736949e-02,
5.9816278517e-03,
1.3245033100e-02,
-1.5564439818e-03,
-3.3112581819e-02,
-4.0589619428e-02,
-3.1586658210e-02,
-1.7426069826e-02,
3.6011841148e-03,
2.1240882576e-02,
3.6713767797e-02,
4.3122652918e-02,
3.1006805599e-02,
2.0783105865e-02,
2.3865474388e-02,
2.6886807755e-02,
1.3183996081e-02,
-9.1555528343e-03,
-9.8269600421e-03,
-9.1555528343e-05,
4.1505172849e-03,
2.7863400057e-02,
4.6632282436e-02,
1.6602069139e-02,
-3.2898955047e-02,
-6.7140720785e-02,
-7.9775385559e-02,
-5.2186653018e-02,
1.2024292722e-02,
6.3905760646e-02,
7.3427535594e-02,
5.8809168637e-02,
3.1586658210e-02,
1.3428144157e-03,
-2.6551103219e-03,
9.1555528343e-03,
3.7232581526e-03,
-1.1535996571e-02,
-1.0101626627e-02,
2.7191992849e-02,
7.7333904803e-02,
8.6916714907e-02,
5.8168280870e-02,
2.3377178237e-02,
-1.3611255214e-02,
-4.3336283416e-02,
-5.0874356180e-02,
-4.2603839189e-02,
-2.5299845263e-02,
5.6459242478e-03,
3.9277322590e-02,
4.8524431884e-02,
3.5340435803e-02,
1.7914365977e-02,
-5.7679982856e-03,
-3.1800288707e-02,
-3.7263099104e-02,
-5.9816278517e-03,
3.3783990890e-02,
3.2166510820e-02,
9.1555528343e-04,
-2.3346660659e-02,
-4.1810359806e-02,
-4.3977171183e-02,
-2.5788141415e-02,
-1.8982512876e-02,
-3.2898955047e-02,
-4.4953763485e-02,
-3.4791100770e-02,
-1.4679403044e-02,
-1.1871700175e-02,
-7.6296273619e-03,
2.7222510427e-02,
6.2135685235e-02,
4.2573321611e-02,
-2.0447401330e-02,
-6.0396131128e-02,
-6.7781612277e-02,
-6.6957607865e-02,
-4.5594654977e-02,
-2.7649769560e-02,
-3.1067842618e-02,
-7.9348124564e-03,
3.1678214669e-02,
3.7110507488e-02,
1.4221625403e-02,
-9.1555528343e-03,
-5.0050355494e-03,
1.8158514053e-02,
2.1057771519e-02,
1.0956144892e-02,
-5.5848872289e-03,
-3.7049472332e-02,
-4.4160284102e-02,
-1.3214514591e-02,
1.5991698951e-02,
2.7802363038e-02,
1.9775994122e-02,
-3.8758506998e-03,
-1.4770958573e-02,
-3.1128879637e-03,
2.0722068846e-02,
4.3458357453e-02,
3.8178656250e-02,
1.4862514101e-02,
1.0223700665e-02,
9.2165898532e-03,
-3.0213324353e-03,
-9.6133304760e-03,
-1.1078218929e-02,
1.0345774703e-02,
5.9694204479e-02,
8.6336866021e-02,
8.1179238856e-02,
6.1220131814e-02,
1.7334513366e-02,
-2.2919401526e-02,
-3.4669026732e-02,
-3.5859249532e-02,
-3.2135989517e-02,
-2.1851252764e-02,
-3.8453321904e-03,
2.0081179217e-02,
3.0487991869e-02,
2.6520585641e-02,
1.8707847223e-02,
1.1413922533e-02,
2.5147251785e-02,
5.2186653018e-02,
3.9551988244e-02,
-2.3102512583e-02,
-7.5960569084e-02,
-7.4007384479e-02,
-3.6225471646e-02,
4.1505172849e-03,
2.5971252471e-02,
1.4557329006e-02,
-1.1780144647e-02,
-2.3987548426e-02,
-2.4201178923e-02,
-2.0630512387e-02,
-9.7964415327e-03,
1.0681478307e-02,
3.5279396921e-02,
5.5238503963e-02,
7.0436723530e-02,
7.1169167757e-02,
4.0681172162e-02,
2.1668141708e-03,
-1.1505478062e-02,
-2.1271402016e-02,
-4.5228432864e-02,
-4.7608874738e-02,
-2.2370068356e-02,
-1.0559404269e-02,
-7.4465163052e-03,
1.5839107335e-02,
4.3946653605e-02,
4.8829615116e-02,
2.9419843107e-02,
1.0803552344e-02,
9.1860713437e-03,
1.9562365487e-02,
4.5411542058e-02,
6.5004423261e-02,
3.9582505822e-02,
5.7985167950e-04,
-4.6388134360e-03,
1.0376293212e-03,
-1.2146366760e-02,
-2.3621326312e-02,
-8.7588122115e-03,
1.8280588090e-02,
4.2146060616e-02,
5.3498946130e-02,
3.1037325040e-02,
3.3570360392e-04,
2.8077028692e-03,
2.3071993142e-02,
3.5370953381e-02,
1.4862514101e-02,
-2.5238808244e-02,
-1.7670217901e-02,
2.3560289294e-02,
4.4068727642e-02,
5.0721764565e-02,
3.2593768090e-02,
-7.2939237580e-03,
-2.9023103416e-02,
-3.3448286355e-02,
-2.7558214962e-02,
-2.7741326019e-02,
-5.0233468413e-02,
-5.7863093913e-02,
-4.4679097831e-02,
-3.0823694542e-02,
3.7537766621e-03,
4.8341318965e-02,
6.5157018602e-02,
4.7578357160e-02,
1.2237922288e-02,
-1.4343699440e-02,
-2.8931546956e-02,
-4.2176581919e-02,
-4.7730948776e-02,
-4.0711693466e-02,
-2.9847102240e-02,
-3.2349620014e-02,
-3.9796136320e-02,
-2.6306955144e-02,
-5.7069612667e-03,
1.1597033590e-02,
2.8321176767e-02,
2.1301919594e-02,
8.1789605319e-03,
1.6754662618e-02,
1.2726218440e-02,
-1.3428144157e-02,
-3.1464584172e-02,
-3.8483839482e-02,
-4.4709615409e-02,
-4.8738058656e-02,
-3.0518509448e-02,
2.5330362841e-03,
-4.6998504549e-03,
-4.0711693466e-02,
-4.2481765151e-02,
-3.1983397901e-02,
-4.1596729308e-02,
-3.6744285375e-02,
-1.7029328272e-02,
-1.4923551120e-02,
-2.2034363821e-02,
-1.3672292233e-02,
1.1230811477e-02,
1.9409772009e-02,
-3.6317026243e-03,
-1.1719107628e-02,
1.0864589363e-02,
2.1271402016e-02,
-8.5451826453e-04,
-4.4373914599e-02,
-7.8676715493e-02,
-7.4861906469e-02,
-3.9521470666e-02,
4.5167393982e-03,
2.4109622464e-02,
6.2868129462e-03,
-1.9257180393e-02,
-4.3977171183e-02,
-6.0182500631e-02,
-4.6723838896e-02,
-3.0091250315e-02,
-2.0508438349e-02,
7.7822199091e-03,
3.2654806972e-02,
2.1790215746e-02,
-1.1658070609e-02,
-3.0182806775e-02,
-2.2034363821e-02,
-2.2339548916e-02,
-4.3122652918e-02,
-6.3325904310e-02,
-7.6113164425e-02,
-6.8941310048e-02,
-4.1810359806e-02,
-1.7853328958e-02,
4.5472579077e-03,
3.4638509154e-02,
4.9867246300e-02,
1.8707847223e-02,
-3.8544878364e-02,
-6.1616871506e-02,
-4.1016876698e-02,
-1.4740440063e-02,
-1.0498367250e-02,
-2.7283547446e-02,
-3.3936582506e-02,
-2.7649769560e-02,
-3.8972135633e-02,
-6.3661612570e-02,
-7.6845608652e-02,
-6.0335092247e-02,
-1.6083255410e-02,
3.1037325040e-02,
6.9490648806e-02,
7.6662495732e-02,
3.8026064634e-02,
4.4557023793e-03,
-7.0192571729e-04,
-2.0294809714e-02,
-5.7557910681e-02,
-7.0406198502e-02,
-5.2217170596e-02,
-3.5706657916e-02,
-3.1220436096e-02,
-3.3112581819e-02,
-4.6967986971e-02,
-5.8748129755e-02,
-5.7649463415e-02,
-4.2847987264e-02,
-8.7282937020e-03,
2.8992583975e-03,
-3.0426954851e-02,
-5.8931242675e-02,
-5.9785760939e-02,
-3.0549028888e-02,
1.9806513563e-02,
4.7547839582e-02,
4.8585467041e-02,
2.9633473605e-02,
-1.3397625647e-02,
-4.2146060616e-02,
-4.3885618448e-02,
-3.4791100770e-02,
-1.8494216725e-02,
-2.0569475368e-02,
-3.6500137299e-02,
-3.7202063948e-02,
-3.5401470959e-02,
-3.6744285375e-02,
-3.5889767110e-02,
-3.5706657916e-02,
-3.0487991869e-02,
-3.7141025066e-02,
-5.5909909308e-02,
-5.1484726369e-02,
-3.7049472332e-02,
-3.0518509448e-02,
-4.2420728132e-03,
2.5269325823e-02,
1.9989624619e-02,
-5.9816278517e-03,
-3.7385173142e-02,
-5.9968870133e-02,
-4.3946653605e-02,
-7.6296273619e-03,
9.0945158154e-03,
1.2512588874e-02,
2.6337474585e-02,
3.8422804326e-02,
6.8666646257e-03,
-4.0986359119e-02,
-2.8901029378e-02,
1.4557329006e-02,
3.1037325040e-02,
2.9938658699e-02,
3.4791100770e-03,
-2.9908139259e-02,
-2.8229622170e-02,
-2.5055697188e-02,
-2.8901029378e-02,
-3.5706656054e-03,
2.2461622953e-02,
7.2634052485e-03,
-3.9307840168e-02,
-6.2440872192e-02,
-2.1454513073e-02,
3.7018951029e-02,
5.3071688861e-02,
4.0009766817e-02,
2.7191992849e-02,
1.4038514346e-03,
-4.3794061989e-02,
-6.3600577414e-02,
-4.3702505529e-02,
-2.1240882576e-02,
-1.7700735480e-03,
1.0254219174e-02,
3.4180730581e-03,
1.9531846046e-03,
5.3407391533e-03,
-9.1555528343e-04,
-4.0894802660e-03,
-1.3458662666e-02,
-3.5187840462e-02,
-4.0833767503e-02,
-2.1057771519e-02,
4.8219244927e-03,
2.8443250805e-02,
5.7344280183e-02,
8.4170050919e-02,
9.1494493186e-02,
7.3000274599e-02,
3.2746359706e-02,
-1.5564439818e-03,
-1.1291848496e-02,
-1.5137180686e-02,
-1.5106662177e-02,
2.0752586424e-03,
3.0549028888e-02,
4.8036135733e-02,
2.7832880616e-02,
-1.1108737439e-02,
-2.7100436389e-02,
-2.8138065711e-02,
-3.2471694052e-02,
-3.0610065907e-02,
-1.4923551120e-02,
1.1291848496e-03,
1.3092440553e-02,
4.6906948090e-02,
7.6418347657e-02,
4.6327099204e-02,
1.8311105669e-04,
-8.6977751926e-03,
-7.1413312107e-03,
-1.5106662177e-02,
-2.2797327489e-02,
-1.6479995102e-02,
8.4536271170e-03,
4.7547839582e-02,
9.4393752515e-02,
1.0180974752e-01,
4.0742211044e-02,
-1.5259254724e-02,
-6.4394054934e-03,
2.1881772205e-02,
2.2400585935e-02,
1.6205329448e-02,
1.4465773478e-02,
-3.7232581526e-03,
-9.2776268721e-03,
1.3245033100e-02,
1.4770958573e-02,
-2.8687398881e-03,
-7.8737754375e-03,
3.8453321904e-03,
4.3946653605e-02,
8.3834342659e-02,
8.0477312207e-02,
5.0294503570e-02,
2.6551103219e-02,
3.4058656543e-02,
6.3417464495e-02,
7.1871086955e-02,
4.8707541078e-02,
1.2207403779e-02,
-6.0121463612e-03,
4.4862208888e-03,
5.4628131911e-03,
-6.4088869840e-03,
-2.4414807558e-03,
1.2604144402e-02,
3.6744285375e-02,
6.7659534514e-02,
8.3468124270e-02,
6.8727687001e-02,
2.3865474388e-02,
-1.7334513366e-02,
-1.4709921554e-02,
1.8738364801e-02,
3.1525619328e-02,
3.5096285865e-03,
-1.4404736459e-02,
2.6978362352e-02,
8.9815974236e-02,
1.0806604475e-01,
8.1545457244e-02,
5.2919097245e-02,
3.3570360392e-02,
1.7090365291e-02,
1.1047700420e-02,
-5.4322946817e-03,
-4.6113468707e-02,
-6.0457166284e-02,
-2.3377178237e-02,
1.7273476347e-02,
2.3163549602e-02,
1.5839107335e-02,
2.6856288314e-02,
4.2695395648e-02,
4.8860132694e-02,
5.0477616489e-02,
3.5615101457e-02,
7.6601458713e-03,
-1.3702810742e-02,
-2.8138065711e-02,
-3.2135989517e-02,
-1.7456587404e-02,
1.2115848251e-02,
3.7690360099e-02,
4.7151096165e-02,
5.3071688861e-02,
5.1057465374e-02,
3.8850061595e-02,
3.7171546370e-02,
3.4791100770e-02,
3.3692434430e-02,
5.5940426886e-02,
6.8666644394e-02,
3.9948727936e-02,
-1.8829921260e-02,
-7.4526198208e-02,
-8.4444716573e-02,
-4.2695395648e-02,
2.6306955144e-02,
7.6601460576e-02,
6.3875243068e-02,
3.1159399077e-02,
3.0274361372e-02,
2.5879696012e-02,
-1.9837031141e-03,
-8.1789605319e-03,
2.9145177454e-02,
5.6550797075e-02,
3.4943692386e-02,
1.5869624913e-03,
-2.5818658993e-02,
-4.1688285768e-02,
-1.4160588384e-02,
2.6734214276e-02,
4.3885618448e-02,
5.2827540785e-02,
4.4129766524e-02,
8.6367381737e-03,
-2.5421919301e-02,
-2.4903103709e-02,
2.0325327292e-02,
7.0192575455e-02,
8.7130345404e-02,
7.7944271266e-02,
4.8829615116e-02,
9.5828119665e-03,
-9.6133304760e-03,
1.8921475857e-03,
1.8982512876e-02,
3.5004731268e-02,
6.2990203500e-02,
6.5309613943e-02,
2.3651845753e-02,
-3.0518509448e-03,
1.0650959797e-02,
4.9928281456e-02,
9.1586045921e-02,
8.9053012431e-02,
4.8036135733e-02,
1.9409772009e-02,
1.5472884290e-02,
1.7120884731e-02,
6.7445905879e-03,
-3.8758506998e-03,
-6.4699240029e-03,
-6.4088869840e-03,
2.2064883262e-02,
5.3804133087e-02,
3.0487991869e-02,
-6.1037018895e-05,
8.5757011548e-03,
1.3214514591e-02,
2.8992583975e-03,
5.6459242478e-03,
2.0935697481e-02,
3.8087099791e-02,
4.6052429825e-02,
3.3845026046e-02,
1.8250068650e-02,
1.6327403486e-02,
1.0681478307e-02,
3.9368877187e-03,
1.5594958328e-02,
3.8361765444e-02,
6.4180426300e-02,
5.1881466061e-02,
-2.4597918615e-02,
-7.2756126523e-02,
-4.2878504843e-02,
-8.4841456264e-03,
-5.5238502100e-03,
-2.7191992849e-02,
-5.7435836643e-02,
-4.7181617469e-02,
1.4526810497e-02,
7.4953459203e-02,
8.0538347363e-02,
3.7629321218e-02,
5.1881466061e-04,
-9.8879970610e-03,
-1.4343699440e-02,
-2.8138065711e-02,
-3.2532732934e-02,
7.0192571729e-04,
3.3906064928e-02,
2.1149327978e-02,
-1.8311105669e-03,
5.0355540588e-03,
3.0610065907e-02,
4.8310801387e-02,
4.5503098518e-02,
2.9267251492e-02,
1.7578661442e-02,
3.3082064241e-02,
5.5330056697e-02,
3.9368879050e-02,
9.7048860043e-03,
-3.8148136809e-03,
-2.2736290470e-02,
-4.4709615409e-02,
-4.5075837523e-02,
-6.8056276068e-03,
5.7100132108e-02,
9.8635822535e-02,
1.0263374448e-01,
8.4810934961e-02,
6.6438794136e-02,
7.5533308089e-02,
8.8198490441e-02,
4.9714650959e-02,
-3.4913174808e-02,
-8.6031675339e-02,
-4.0101323277e-02,
4.0375988930e-02,
6.9704279304e-02,
6.6713459790e-02,
5.7039093226e-02,
3.2746359706e-02,
4.4557023793e-03,
-1.5594958328e-02,
-1.8951995298e-02,
1.5869624913e-03,
3.8483839482e-02,
5.6611835957e-02,
2.5757621974e-02,
-1.8890958279e-02,
-3.1830806285e-02,
-9.1250343248e-03,
3.8636434823e-02,
7.9470202327e-02,
1.0037537664e-01,
1.1502426118e-01,
1.0641804338e-01,
7.1077607572e-02,
3.0304880813e-02,
1.4038514346e-03,
8.7588122115e-03,
3.8209173828e-02,
4.7547839582e-02,
2.1271402016e-02,
-2.5482956320e-02,
-3.7446212023e-02,
1.2482070364e-02,
7.1993164718e-02,
9.0456865728e-02,
6.6194646060e-02,
3.8239691406e-02,
3.4546952695e-02,
2.6245918125e-02,
2.2583696991e-03,
-4.8829615116e-03,
1.1108737439e-02,
3.0457472429e-02,
3.3631399274e-02,
6.9582201540e-03,
-3.1525619328e-02,
-3.5798210651e-02,
-3.9979247376e-03,
1.9562365487e-02,
2.6429029182e-02,
2.6306955144e-02,
2.1332439035e-02,
2.0477920771e-02,
3.8758506998e-03,
-2.6764733717e-02,
-4.2054507881e-02,
-5.7985167950e-02,
-5.3773615509e-02,
-4.0284432471e-03,
2.7100436389e-02,
1.9440291449e-02,
3.9368877187e-03,
-1.9562365487e-02,
-3.3936582506e-02,
-2.6551103219e-02,
-4.2725913227e-04,
2.5971252471e-02,
4.7303689644e-03,
-3.2654806972e-02,
-1.7670217901e-02,
1.6327403486e-02,
2.4201178923e-02,
1.2390514836e-02,
-1.5625476837e-02,
-3.9704579860e-02,
-2.0233772695e-02,
2.9572436586e-02,
4.6784874052e-02,
2.4140141904e-02,
1.3794366270e-02,
2.8260139748e-02,
4.0070801973e-02,
2.7924437076e-02,
-3.3570360392e-03,
-2.6306955144e-02,
-2.8626361862e-02,
-8.8503677398e-03,
2.8595844284e-02,
5.9175390750e-02,
7.1382790804e-02,
6.7659534514e-02,
4.6937469393e-02,
1.8799401820e-02,
4.0894802660e-03,
1.2817773968e-02,
2.1973326802e-02,
2.7130955830e-02,
4.3702505529e-02,
3.2715842128e-02,
-6.7140720785e-03,
-1.6602069139e-02,
-1.0101626627e-02,
-8.5451826453e-03,
-4.0589617565e-03,
-9.0639973059e-03,
-1.1047700420e-02,
-1.3885921799e-02,
-2.4628438056e-02,
3.3570360392e-04,
3.2807398587e-02,
1.0223700665e-02,
-3.2197028399e-02,
-4.3671987951e-02,
-1.8463699147e-02,
1.7700735480e-02,
1.8097477034e-02,
-2.2705771029e-02,
-5.6215096265e-02,
-4.6876430511e-02,
-1.5655996278e-02,
-3.3570360392e-04,
-5.4628131911e-03,
-2.1423993632e-02,
-3.5279396921e-02,
-2.9328288510e-02,
-1.8005920574e-03,
2.8443250805e-02,
3.5035248846e-02,
1.3733329251e-02,
-2.7314066887e-02,
-7.7852718532e-02,
-9.3050934374e-02,
-5.2949614823e-02,
2.1057771519e-03,
4.2573321611e-02,
5.9785760939e-02,
6.1067536473e-02,
4.6082951128e-02,
-5.9511093423e-03,
-5.4719686508e-02,
-5.0447095186e-02,
-1.7792291939e-02,
1.5930661932e-02,
2.3712882772e-02,
-1.3061922044e-02,
-4.8066653311e-02,
-4.4282358140e-02,
-1.4679403044e-02,
2.2064883262e-02,
3.8605913520e-02,
8.5451826453e-03,
-3.6530654877e-02,
-2.9480880126e-02,
2.6551103219e-03,
-1.6327403486e-02,
-5.3773615509e-02,
-6.0823388398e-02,
-5.6398205459e-02,
-4.5716729015e-02,
-3.6896876991e-02,
-4.2847987264e-02,
-4.8585467041e-02,
-4.3397322297e-02,
-2.5116734207e-02,
-1.8097477034e-02,
-4.1505172849e-02,
-5.7344280183e-02,
-5.3315836936e-02,
-5.3559985012e-02,
-4.4373914599e-02,
-1.6876736656e-02,
-8.9724417776e-03,
-4.4831689447e-02,
-7.7333904803e-02,
-6.4485609531e-02,
-4.0131840855e-02,
-2.0630512387e-02,
3.1739249825e-03,
-3.9368877187e-03,
-4.9623098224e-02,
-9.2013306916e-02,
-1.0916470736e-01,
-9.7262486815e-02,
-6.6988125443e-02,
-5.2674949169e-02,
-6.8056277931e-02,
-7.7913753688e-02,
-5.8748129755e-02,
-3.4394361079e-02,
-2.7649769560e-02,
-4.7242652625e-02,
-7.5685903430e-02,
-7.4556715786e-02,
-5.5360578001e-02,
-4.3275248259e-02,
-3.5462509841e-02,
-4.8860132694e-02,
-8.0202646554e-02,
-9.5187231898e-02,
-8.7801754475e-02,
-7.2328865528e-02,
-5.9205908328e-02,
-4.1566211730e-02,
-3.2105471939e-02,
-6.2746055424e-02,
-1.0904263705e-01,
-1.4673300087e-01,
-1.6657002270e-01,
-1.2674337626e-01,
-6.4271979034e-02,
-4.6082951128e-02,
-4.5350506902e-02,
-5.0447095186e-02,
-7.3244422674e-02,
-9.0945161879e-02,
-1.0248115659e-01,
-1.1090426147e-01,
-1.1166722327e-01,
-1.0657063872e-01,
-8.0843530595e-02,
-4.9195837229e-02,
-5.0172429532e-02,
-7.5045011938e-02,
-9.4882048666e-02,
-1.0068055987e-01,
-8.4200568497e-02,
-5.2735984325e-02,
-4.6815395355e-02,
-7.5899533927e-02,
-1.0345774889e-01,
-1.1780145019e-01,
-1.2009033561e-01,
-1.0562456399e-01,
-8.6519971490e-02,
-6.5462201834e-02,
-5.2613910288e-02,
-6.0731835663e-02,
-6.6621907055e-02,
-7.5991086662e-02,
-1.0821863264e-01,
-1.2414930016e-01,
-1.0122989863e-01,
-7.6235234737e-02,
-7.1138642728e-02,
-5.9541612864e-02,
-3.2593768090e-02,
-2.6245918125e-02,
-3.6652728915e-02,
-4.1077915579e-02,
-6.1647389084e-02,
-9.1006197035e-02,
-1.0415967554e-01,
-1.1914426088e-01,
-1.3223670423e-01,
-1.0910367221e-01,
-5.3193762898e-02,
-1.4160588384e-02,
-2.0813623443e-02,
-4.4404432178e-02,
-5.9480573982e-02,
-6.3509017229e-02,
-6.1433758587e-02,
-7.0253610611e-02,
-8.0111086369e-02,
-7.8890345991e-02,
-8.7954342365e-02,
-1.0815759748e-01,
-1.1767937243e-01,
-9.4637900591e-02,
-3.5157322884e-02,
2.4353770539e-02,
5.2858058363e-02,
3.1983397901e-02,
-4.1962951422e-02,
-1.1862544715e-01,
-1.4954069257e-01,
-1.3638721406e-01,
-1.1566515267e-01,
-1.1288796365e-01,
-9.3722343445e-02,
-4.9378950149e-02,
-1.5808587894e-02,
2.4506364018e-02,
6.2532424927e-02,
4.1932433844e-02,
-1.3061922044e-02,
-5.2308727056e-02,
-7.6296277344e-02,
-8.8900417089e-02,
-8.8808864355e-02,
-8.1911683083e-02,
-7.3976866901e-02,
-6.2501907349e-02,
-3.1250953674e-02,
2.0874660462e-02,
4.9501024187e-02,
1.5747550875e-02,
-4.2573321611e-02,
-6.9277018309e-02,
-6.8330943584e-02,
-6.3966795802e-02,
-6.5095983446e-02,
-6.2501907349e-02,
-4.1291542351e-02,
-2.2919401526e-02,
-3.4058656543e-02,
-5.9907834977e-02,
-7.0284128189e-02,
-5.2583392709e-02,
-2.5269325823e-02,
-7.8127384186e-03,
-6.8971831352e-03,
-2.7985474095e-02,
-4.7059543431e-02,
-4.6998504549e-02,
-4.0650654584e-02,
-2.4475844577e-02,
-1.8219551072e-02,
-4.0345471352e-02,
-4.9226354808e-02,
-3.7629321218e-02,
-3.6744285375e-02,
-3.8453321904e-02,
-3.0426954851e-02,
-1.8005920574e-02,
-8.3010345697e-03,
-3.6622211337e-03,
-5.0965910777e-03,
-2.1393476054e-02,
-4.6418651938e-02,
-6.5981015563e-02,
-6.7964717746e-02,
-4.0711693466e-02,
-9.4912564382e-03,
2.2278511897e-03,
6.9887386635e-03,
8.6672566831e-03,
1.6235847026e-02,
2.8565324843e-02,
2.3743400350e-02,
1.2482070364e-02,
-6.3478499651e-03,
-4.0406506509e-02,
-4.6021912247e-02,
-2.0386364311e-02,
-1.3061922044e-02,
-2.5421919301e-02,
-2.8687398881e-02,
-1.8555253744e-02,
-1.7578661442e-02,
-3.3539842814e-02,
-3.3845026046e-02,
-1.6144292429e-02,
-1.9287697971e-02,
-2.9053620994e-02,
-3.9063692093e-03,
3.6194954067e-02,
5.8412428945e-02,
5.7008575648e-02,
1.4069032855e-02,
-5.5604726076e-02,
-9.4576857984e-02,
-9.1952271760e-02,
-7.4831388891e-02,
-5.6611835957e-02,
-3.4882657230e-02,
-9.2165898532e-03,
-5.9511093423e-03,
-2.2278511897e-02,
-1.5076143667e-02,
9.0639973059e-03,
2.3194067180e-02,
2.0294809714e-02,
-1.1078218929e-02,
-5.5726800114e-02,
-8.9785456657e-02,
-1.0592974722e-01,
-9.2318490148e-02,
-5.7618945837e-02,
-1.9867550582e-02,
1.0986663401e-02,
2.4903103709e-02,
2.3499252275e-02,
-6.0426648706e-03,
-5.8137759566e-02,
-8.1942200661e-02,
-7.3305457830e-02,
-5.8351390064e-02,
-3.9948727936e-02,
-3.4607991576e-02,
-4.2359691113e-02,
-3.8422804326e-02,
-1.3977477327e-02,
2.1881772205e-02,
3.6988433450e-02,
1.9196143374e-02,
-8.2705160603e-03,
-4.3366800994e-02,
-7.9714350402e-02,
-8.8869899511e-02,
-6.6835537553e-02,
-3.7293620408e-02,
-2.8504287824e-02,
-3.6713767797e-02,
-3.5615101457e-02,
-2.5635547936e-02,
-1.1749626137e-02,
-3.4180730581e-03,
-2.8229622170e-02,
-6.3234351575e-02,
-7.0741906762e-02,
-8.2369454205e-02,
-1.0107730329e-01,
-7.3152869940e-02,
-1.6876736656e-02,
1.9226660952e-02,
3.3356729895e-02,
5.7985167950e-03,
-5.5330056697e-02,
-7.9775385559e-02,
-6.2318798155e-02,
-6.1861019582e-02,
-9.5004118979e-02,
-1.1767937243e-01,
-8.1362344325e-02,
-1.2451551855e-02,
2.8839992359e-02,
3.3722952008e-02,
1.9501328468e-02,
1.2726218440e-02,
1.8372142687e-02,
4.6082949266e-03,
-2.6520585641e-02,
-6.2166202813e-02,
-9.8208561540e-02,
-1.0519730300e-01,
-8.8869899511e-02,
-6.5095983446e-02,
-1.4770958573e-02,
4.0833767503e-02,
7.0528276265e-02,
7.1291238070e-02,
3.5004731268e-02,
-1.7426069826e-02,
-6.0914944857e-02,
-1.0043641180e-01,
-1.2936796248e-01,
-1.4209417999e-01,
-1.3025300205e-01,
-8.0843530595e-02,
-2.7222510427e-02,
5.0965910777e-03,
3.7049472332e-02,
5.5024873465e-02,
2.3071993142e-02,
-4.2298655957e-02,
-9.2837303877e-02,
-9.9673449993e-02,
-7.6784573495e-02,
-6.4607687294e-02,
-7.5533308089e-02,
-9.0395823121e-02,
-8.7893307209e-02,
-5.3285319358e-02,
-1.2573625892e-02,
-7.3244422674e-03,
-2.6734214276e-02,
-4.9531541765e-02,
-6.1189610511e-02,
-3.7598803639e-02,
-1.4496291988e-02,
-3.6286506802e-02,
-6.6347241402e-02,
-8.2491531968e-02,
-1.0626544803e-01,
-1.2619403005e-01,
-1.1792352051e-01,
-8.8808864355e-02,
-6.6255681217e-02,
-5.6001465768e-02,
-4.2085025460e-02,
-2.7558214962e-02,
-1.5625476837e-02,
-6.5919980407e-03,
-1.9775994122e-02,
-4.4404432178e-02,
-4.6449173242e-02,
-3.7934508175e-02,
-5.2552875131e-02,
-8.0080568790e-02,
-7.8127384186e-02,
-4.4099245220e-02,
-2.0416883752e-02,
-1.8890958279e-02,
-1.5015106648e-02,
-3.5401470959e-03,
1.8616290763e-03,
6.7140720785e-04,
-1.6479995102e-03,
-1.0071108118e-02,
-1.9775994122e-02,
-2.5574510917e-02,
-4.2146060616e-02,
-5.7313762605e-02,
-4.0620137006e-02,
-1.0559404269e-02,
-1.2817773968e-03,
-7.1413312107e-03,
-1.2756736949e-02,
-2.7100436389e-02,
-4.3366800994e-02,
-2.2309031337e-02,
1.5442365780e-02,
2.6856288314e-03,
-3.9155248553e-02,
-4.4282358140e-02,
-2.1515550092e-02,
-2.0020142198e-02,
-4.1779838502e-02,
-3.2135989517e-02,
1.1932737194e-02,
1.9226660952e-02,
-2.9908139259e-03,
7.5685903430e-03,
2.5696584955e-02,
1.0223700665e-02,
-2.3316141218e-02,
-5.5024873465e-02,
-6.4943388104e-02,
-4.6174503863e-02,
-2.6184881106e-02,
-1.6144292429e-02,
-1.3733329251e-03,
1.4404736459e-02,
7.3244422674e-04,
-5.1728874445e-02,
-7.4648275971e-02,
-9.7048860043e-03,
6.7201755941e-02,
7.4556715786e-02,
4.6754356474e-02,
1.6113772988e-02,
-1.6479995102e-02,
-2.5513473898e-02,
-1.2939848006e-02,
-3.2959990203e-03,
-4.4557023793e-03,
-1.7151402310e-02,
-2.3987548426e-02,
-2.4903103709e-02,
-3.6988433450e-02,
-3.5157322884e-02,
-1.0620441288e-02,
8.1789605319e-03,
3.0457472429e-02,
6.4394056797e-02,
7.4343092740e-02,
3.5920284688e-02,
-2.6947844774e-02,
-6.2318798155e-02,
-5.2735984325e-02,
-2.7039399371e-02,
-9.1555528343e-05,
2.5208288804e-02,
2.2980438545e-02,
-1.7700735480e-02,
-4.8860132694e-02,
-2.5086214766e-02,
1.3794366270e-02,
1.9440291449e-02,
2.2949919105e-02,
4.2970061302e-02,
4.6571247280e-02,
3.5737175494e-02,
2.6367992163e-02,
7.6296273619e-03,
-1.0040589608e-02,
-1.3245033100e-02,
-2.0386364311e-02,
-3.1159399077e-02,
-2.2431105375e-02,
-1.0376293212e-03,
1.1047700420e-02,
1.5564439818e-02,
2.1912289783e-02,
2.2400585935e-02,
8.1789605319e-03,
-1.2268440798e-02,
-2.9450362548e-02,
-3.8727987558e-02,
-2.7405621484e-02,
1.0376293212e-02,
5.2430801094e-02,
6.7354351282e-02,
5.4261911660e-02,
3.5554062575e-02,
1.9440291449e-02,
1.6693625599e-02,
4.3763544410e-02,
7.3885314167e-02,
6.4424574375e-02,
1.4374217950e-02,
-4.2909026146e-02,
-6.4729757607e-02,
-3.9765618742e-02,
7.9653309658e-03,
6.0975983739e-02,
9.2410050333e-02,
8.3010345697e-02,
6.3814200461e-02,
5.7008575648e-02,
5.2461318672e-02,
5.0660725683e-02,
5.5207982659e-02,
6.0701314360e-02,
4.3916136026e-02,
-6.7140720785e-04,
-1.4862514101e-02,
1.0162663646e-02,
5.2186651155e-03,
-1.3214514591e-02,
1.5625476837e-02,
6.7720569670e-02,
1.0684530437e-01,
1.2219611555e-01,
1.0342723131e-01,
6.7079685628e-02,
2.6184881106e-02,
-1.4801477082e-02,
-3.1037325040e-02,
-2.7985474095e-02,
-2.6551103219e-02,
-9.3691824004e-03,
2.5299845263e-02,
4.6418651938e-02,
3.8789026439e-02,
1.3855403289e-02,
3.2044434920e-03,
2.6215400547e-02,
5.9480573982e-02,
6.9246500731e-02,
5.3498946130e-02,
4.0345471352e-02,
4.7090061009e-02,
5.9816278517e-02,
5.7893611491e-02,
3.1556140631e-02,
5.3712576628e-03,
1.6052735969e-02,
4.0253914893e-02,
4.7273170203e-02,
5.3163245320e-02,
4.4099245220e-02,
1.0620441288e-02,
3.1434064731e-03,
3.5340435803e-02,
7.1626938879e-02,
8.4078490734e-02,
5.6825466454e-02,
1.8768884242e-02,
2.3194067180e-03,
-6.3783684745e-03,
7.6296273619e-04,
3.2013915479e-02,
5.2369762212e-02,
6.0029909015e-02,
7.4709311128e-02,
9.1830193996e-02,
1.0138248652e-01,
7.8432567418e-02,
2.5391399860e-02,
-1.3397625647e-02,
-3.1922362745e-02,
-2.3346660659e-02,
3.4150213003e-02,
8.5360273719e-02,
8.6123235524e-02,
8.1820122898e-02,
8.6062200367e-02,
7.4037902057e-02,
5.1576282829e-02,
1.7212439328e-02,
-2.2827845067e-02,
-2.4689475074e-02,
1.8127994612e-02,
5.6367687881e-02,
6.2837608159e-02,
5.3498946130e-02,
4.2970061302e-02,
2.7375103906e-02,
7.6906643808e-03,
8.7893307209e-03,
5.5787835270e-02,
1.1789300293e-01,
1.2912380695e-01,
8.9083530009e-02,
5.1667835563e-02,
3.2776881009e-02,
2.8565324843e-02,
4.2176581919e-02,
4.7273170203e-02,
2.6642659679e-02,
1.1413922533e-02,
2.0111698657e-02,
2.7741326019e-02,
1.5076143667e-02,
4.3946653605e-03,
2.7008881792e-02,
6.9521166384e-02,
9.4759970903e-02,
9.5400862396e-02,
8.1850640476e-02,
5.7527389377e-02,
3.2807398587e-02,
2.4567401037e-02,
3.5462509841e-02,
5.3193762898e-02,
6.4027830958e-02,
6.2135685235e-02,
5.7710502297e-02,
6.1799980700e-02,
6.4729757607e-02,
6.5797910094e-02,
7.4861906469e-02,
6.6652424634e-02,
3.5950805992e-02,
3.8972135633e-02,
8.0294199288e-02,
9.1189309955e-02,
4.9745172262e-02,
3.6927396432e-03,
1.8311105669e-04,
2.5543993339e-02,
2.1240882576e-02,
-1.8677327782e-02,
-4.5777764171e-02,
-3.6774802953e-02,
7.3549607769e-03,
6.2288276851e-02,
8.4322638810e-02,
7.6479382813e-02,
7.0619828999e-02,
6.5218053758e-02,
4.7090061009e-02,
2.0630512387e-02,
9.0334787965e-03,
2.5788141415e-02,
4.0345471352e-02,
3.1830806285e-02,
2.6856288314e-02,
4.0070801973e-02,
5.0843838602e-02,
3.6133915186e-02,
5.7985167950e-03,
-2.4414807558e-04,
1.7120884731e-02,
1.5778070316e-02,
-4.1199987754e-03,
-5.1576280966e-03,
3.6164432764e-02,
1.0589922965e-01,
1.4526811242e-01,
1.1401715130e-01,
4.1993469000e-02,
-1.2421033345e-02,
-1.4557329006e-02,
1.9562365487e-02,
5.9602648020e-02,
1.0251167417e-01,
1.1908322573e-01,
8.1881158054e-02,
4.0894802660e-02,
2.8778955340e-02,
2.6123844087e-02,
4.1352581233e-02,
6.5858945251e-02,
6.7629016936e-02,
5.7191688567e-02,
4.4984284788e-02,
3.7446212023e-02,
5.3315836936e-02,
7.0741906762e-02,
6.9765314460e-02,
6.4516127110e-02,
5.5757317692e-02,
5.7741019875e-02,
7.6326794922e-02,
7.7120274305e-02,
7.1321755648e-02,
8.4414198995e-02,
8.8625751436e-02,
8.0233164132e-02,
7.4465163052e-02,
7.0375680923e-02,
8.7405011058e-02,
1.0574663430e-01,
7.9226054251e-02,
4.7364726663e-02,
6.1525315046e-02,
9.1433458030e-02,
8.6519971490e-02,
3.9155248553e-02,
-2.0142216235e-03,
1.2817773968e-03,
2.2370068356e-02,
4.4648580253e-02,
7.0436723530e-02,
7.5991086662e-02,
6.6194646060e-02,
5.7985167950e-02,
4.7517318279e-02,
6.7171238363e-02,
1.2100589275e-01,
1.3943907619e-01,
1.0632649064e-01,
6.3142798841e-02,
2.9999695718e-02,
3.0243843794e-02,
5.9785760939e-02,
6.6682942212e-02,
5.3163245320e-02,
7.0467241108e-02,
1.1212500185e-01,
1.3028351963e-01,
1.1374248564e-01,
9.1769158840e-02,
8.5116125643e-02,
7.5685903430e-02,
4.8799097538e-02,
3.7171546370e-02,
5.9694204479e-02,
7.8554645181e-02,
7.3122352362e-02,
5.7618945837e-02,
3.5096287727e-02,
3.2654806972e-02,
8.4322638810e-02,
1.4209417999e-01,
1.4194159210e-01,
1.0089419037e-01,
6.3966795802e-02,
5.7405315340e-02,
8.3864867687e-02,
1.0650959611e-01,
1.0040589422e-01,
9.1402933002e-02,
9.9215671420e-02,
1.0852382332e-01,
1.0287789255e-01,
7.8768275678e-02,
3.8300730288e-02,
-2.3194067180e-03,
-9.7659230232e-03,
2.4933623150e-02,
6.5981015563e-02,
8.4170050919e-02,
8.5909605026e-02,
8.5024565458e-02,
9.0029604733e-02,
1.0455641150e-01,
1.1725211143e-01,
1.0986663401e-01,
8.3773307502e-02,
5.9450056404e-02,
5.0874356180e-02,
6.2501907349e-02,
8.1392861903e-02,
7.2328865528e-02,
3.9429914206e-02,
3.6378063262e-02,
7.6143682003e-02,
1.1728262901e-01,
1.2146367133e-01,
9.2562638223e-02,
7.7394939959e-02,
7.4526198208e-02,
3.5309914500e-02,
-5.1881466061e-04,
2.3224586621e-02,
6.1586353928e-02,
8.7679676712e-02,
1.1877804250e-01,
1.2915433943e-01,
1.0913418978e-01,
7.9622790217e-02,
4.8036135733e-02,
3.8605913520e-02,
5.8381907642e-02,
7.1535386145e-02,
6.4058348536e-02,
5.0447095186e-02,
5.5513169616e-02,
9.5065154135e-02,
1.3077181578e-01,
1.1981566995e-01,
8.1698052585e-02,
6.0945462435e-02,
7.8676715493e-02,
1.1044648290e-01,
1.0904263705e-01,
6.1067536473e-02,
-1.4099551365e-02,
-6.8971835077e-02,
-4.6998504549e-02,
2.7466658503e-02,
7.9134494066e-02,
9.1982789338e-02,
7.8188419342e-02,
5.3926207125e-02,
6.0060426593e-02,
8.3803825080e-02,
6.8758204579e-02,
2.8809472919e-02,
1.2115848251e-02,
3.1128879637e-02,
7.6296277344e-02,
1.0348826647e-01,
7.6296277344e-02,
2.9511399567e-02,
-2.7161473408e-03,
-1.8280588090e-02,
1.6174810007e-03,
4.1199989617e-02,
4.6418651938e-02,
1.8585773185e-02,
-4.2725913227e-03,
-3.3875545487e-03,
2.2400585935e-02,
4.6876430511e-02,
4.6266060323e-02,
3.4546952695e-02,
3.1952880323e-02,
4.3794061989e-02,
5.1057465374e-02,
2.5971252471e-02,
-1.4557329006e-02,
-3.5615101457e-02,
-3.1922362745e-02,
-6.6835535690e-03,
2.1027253941e-02,
2.5238808244e-02,
1.8982512876e-02,
2.6612140238e-02,
4.6479690820e-02,
5.2156131715e-02,
1.8829921260e-02,
-1.8524736166e-02,
-1.3580736704e-02,
5.2797021344e-03,
8.2094790414e-03,
9.8574785516e-03,
8.9114047587e-03,
4.5167393982e-03,
1.2146366760e-02,
2.2461622953e-02,
1.5289773233e-02,
-6.3478499651e-03,
-1.8005920574e-02,
-1.0315256193e-02,
-1.4618366025e-02,
-4.0498062968e-02,
-4.2390208691e-02,
1.7700735480e-03,
4.8249762505e-02,
4.6113468707e-02,
1.2543107383e-02,
3.6011841148e-03,
9.6133304760e-03,
-1.1535996571e-02,
-4.3183691800e-02,
-5.9327982366e-02,
-5.5696278811e-02,
-2.6520585641e-02,
-1.1047700420e-02,
-4.9653615803e-02,
-8.8595233858e-02,
-6.9765314460e-02,
-2.9389325529e-02,
-1.8463699147e-02,
-2.8290659189e-02,
-3.2471694052e-02,
-3.6103397608e-02,
-4.1932433844e-02,
-1.5808587894e-02,
4.1779838502e-02,
5.7741019875e-02,
9.7659230232e-04,
-6.3570052385e-02,
-8.4383681417e-02,
-7.1687981486e-02,
-3.9490953088e-02,
-3.7842951715e-03,
5.5543687195e-03,
-1.1139255948e-02,
-3.0854213983e-02,
-5.3926207125e-02,
-8.3956420422e-02,
-1.0113833845e-01,
-9.3386642635e-02,
-7.4129462242e-02,
-5.7283241302e-02,
-4.4160284102e-02,
-3.1281471252e-02,
-1.9898068160e-02,
-2.3346660659e-02,
-4.2176581919e-02,
-4.7547839582e-02,
-3.9246805012e-02,
-4.3885618448e-02,
-4.3092135340e-02,
-3.0091250315e-02,
-4.9104280770e-02,
-8.6153753102e-02,
-8.3223976195e-02,
-4.1383098811e-02,
4.1810357943e-03,
1.9379254431e-02,
-4.3336283416e-03,
-2.6795251295e-02,
-3.3082064241e-02,
-4.8432875425e-02,
-7.8218936920e-02,
-1.1993774027e-01,
-1.3885921240e-01,
-7.8768275678e-02,
1.5015106648e-02,
4.1505172849e-02,
-1.9837031141e-03,
-4.0986359119e-02,
-3.3539842814e-02,
-1.1993774213e-02,
-2.2339548916e-02,
-5.1362652332e-02,
-6.6560871899e-02,
-6.3173316419e-02,
-5.3895689547e-02,
-5.3987242281e-02,
-4.7029022127e-02,
-1.7792291939e-02,
-1.6785180196e-03,
-6.1342203990e-03,
-3.2349620014e-03,
-1.0773033835e-02,
-4.2176581919e-02,
-6.7567981780e-02,
-7.1169167757e-02,
-6.0151983052e-02,
-5.0019837916e-02,
-5.0935391337e-02,
-5.4506059736e-02,
-5.2430801094e-02,
-3.9948727936e-02,
-1.8982512876e-02,
-8.8503677398e-04,
1.4526810497e-02,
1.6968291253e-02,
-1.3946958818e-02,
-6.1738945544e-02,
-9.6285894513e-02,
-9.6285894513e-02,
-5.0843838602e-02,
7.2328867391e-03,
4.0650654584e-02,
4.9623098224e-02,
4.0009766817e-02,
2.7222510427e-02,
2.1057771519e-02,
-9.1555528343e-05,
-3.6194954067e-02,
-6.2837608159e-02,
-7.1138642728e-02,
-5.9450056404e-02,
-3.7842951715e-02,
-1.8463699147e-02,
-1.1597033590e-03,
9.4302194193e-03,
2.4811549112e-02,
5.6337170303e-02,
6.9063387811e-02,
4.0162358433e-02,
-2.1362956613e-04,
-2.2400585935e-02,
-2.8565324843e-02,
-3.6805324256e-02,
-4.4984284788e-02,
-3.7476729602e-02,
-1.3733329251e-02,
2.5238808244e-02,
5.0843838602e-02,
2.2217474878e-02,
-1.8280588090e-02,
-1.6663106158e-02,
0.0000000000e+00,
1.0681478307e-02,
1.3122959062e-02,
-6.0426648706e-03,
-2.0355846733e-02,
-9.0029602870e-03,
5.4933317006e-03,
1.5381328762e-02,
1.7059847713e-02,
4.9134800211e-03,
-5.4933317006e-04,
1.1932737194e-02,
2.7405621484e-02,
2.5543993339e-02,
-3.6622211337e-03,
-4.5655690134e-02,
-7.0925019681e-02,
-5.5787835270e-02,
-1.7456587404e-02,
-3.9063692093e-03,
-3.4791100770e-03,
2.3102512583e-02,
4.6235542744e-02,
3.5950805992e-02,
7.3854792863e-03,
-2.2705771029e-02,
-2.7283547446e-02,
-1.2787255459e-02,
-2.6154363528e-02,
-4.8402357846e-02,
-3.9246805012e-02,
-2.5788141415e-02,
-2.4414807558e-02,
-1.3519699685e-02,
2.7771843597e-03,
4.2725913227e-04,
-2.7314066887e-02,
-5.9205908328e-02,
-6.4973905683e-02,
-3.6164432764e-02,
9.4302194193e-03,
4.3824579567e-02,
5.6520279497e-02,
5.4567094892e-02,
3.1037325040e-02,
-1.6327403486e-02,
-6.2196724117e-02,
-8.9388713241e-02,
-1.0180974752e-01,
-1.0327463597e-01,
-9.1677606106e-02,
-7.0070497692e-02,
-5.7283241302e-02,
-5.6917019188e-02,
-3.6194954067e-02,
1.9837031141e-02,
7.2786644101e-02,
7.0192575455e-02,
7.8127384186e-03,
-5.7710502297e-02,
-8.3529159427e-02,
-8.2186348736e-02,
-7.2298347950e-02,
-5.9938352555e-02,
-4.8524431884e-02,
-3.4272287041e-02,
-2.0416883752e-02,
-1.0498367250e-02,
-1.0681478307e-03,
-3.5401470959e-03,
-3.1830806285e-02,
-7.6265752316e-02,
-1.0046693683e-01,
-7.6204717159e-02,
-4.2817469686e-02,
-4.4984284788e-02,
-4.3824579567e-02,
-1.4587847516e-02,
9.7659230232e-04,
-6.4699240029e-03,
-2.2919401526e-02,
-4.9409467727e-02,
-6.2898650765e-02,
-5.3071688861e-02,
-5.5513169616e-02,
-8.1545457244e-02,
-9.3539230525e-02,
-6.1647389084e-02,
-9.1250343248e-03,
5.7985167950e-03,
-3.5889767110e-02,
-8.4963530302e-02,
-8.7221898139e-02,
-4.8615984619e-02,
-1.3946958818e-02,
-5.4017761722e-03,
-1.8127994612e-02,
-3.8300730288e-02,
-4.6906948090e-02,
-5.4231390357e-02,
-8.4047973156e-02,
-1.1587878317e-01,
-1.2692648172e-01,
-1.2128055841e-01,
-9.3752861023e-02,
-6.3783682883e-02,
-5.9114351869e-02,
-5.5085908622e-02,
-4.6754356474e-02,
-5.2888575941e-02,
-4.2847987264e-02,
-2.6184881106e-02,
-5.5604726076e-02,
-9.2593155801e-02,
-8.4688864648e-02,
-6.1586353928e-02,
-4.5686207712e-02,
-3.3600877970e-02,
-3.2288584858e-02,
-4.2786952108e-02,
-7.0284128189e-02,
-1.0409863293e-01,
-1.0889004171e-01,
-8.9877009392e-02,
-7.4343092740e-02,
-5.9633169323e-02,
-4.5381024480e-02,
-4.1718803346e-02,
-5.0386060029e-02,
-6.0853909701e-02,
-5.0782799721e-02,
-3.1525619328e-02,
-4.5045319945e-02,
-8.4536269307e-02,
-1.0541093349e-01,
-9.3234047294e-02,
-7.0497758687e-02,
-6.4180426300e-02,
-6.9307535887e-02,
-6.6774502397e-02,
-6.2532424927e-02,
-6.5523236990e-02,
-7.1687981486e-02,
-6.5095983446e-02,
-2.8229622170e-02,
4.4251838699e-03,
-1.6876736656e-02,
-7.0680871606e-02,
-1.1227759719e-01,
-1.2021240592e-01,
-8.6764119565e-02,
-4.7425765544e-02,
-3.5279396921e-02,
-2.4658955634e-02,
-2.3499252275e-03,
9.5217749476e-03,
9.4912564382e-03,
7.2023682296e-03,
-1.1322367005e-02,
-6.7171238363e-02,
-1.2958158553e-01,
-1.3052766025e-01,
-7.6021604240e-02,
-3.8178656250e-02,
-3.8117617369e-02,
-4.5625172555e-02,
-3.9399396628e-02,
-2.1637624130e-02,
-1.3702810742e-02,
-2.0661031827e-02,
-2.3285623640e-02,
-1.9989624619e-02,
-2.2034363821e-02,
-3.8148138672e-02,
-8.2644127309e-02,
-1.3455611467e-01,
-1.3171789050e-01,
-6.7629016936e-02,
-4.1505172849e-03,
2.9480880126e-02,
3.5157322884e-02,
-6.1037018895e-04,
-4.6082951128e-02,
-4.2207099497e-02,
-1.1474959552e-02,
-1.1780144647e-02,
-3.9735101163e-02,
-6.0213018209e-02,
-5.8168280870e-02,
-4.9745172262e-02,
-4.7883540392e-02,
-3.3356729895e-02,
-1.2024292722e-02,
-1.7334513366e-02,
-3.5279396921e-02,
-3.8453321904e-02,
-3.3661916852e-02,
-2.5482956320e-02,
-1.4679403044e-02,
-1.0528885759e-02,
-1.5869624913e-02,
-2.8290659189e-02,
-4.1932433844e-02,
-5.3407393396e-02,
-5.3743094206e-02,
-2.7436140925e-02,
2.4414807558e-04,
-6.0426648706e-03,
-1.7822809517e-02,
-9.4607379287e-04,
2.7893917635e-02,
3.9979249239e-02,
1.4648884535e-02,
-3.5187840462e-02,
-6.5309613943e-02,
-6.3814200461e-02,
-4.9989320338e-02,
-4.0375988930e-02,
-4.6082951128e-02,
-5.0080873072e-02,
-3.5676136613e-02,
-3.2776881009e-02,
-5.6337170303e-02,
-6.4394056797e-02,
-3.0121769756e-02,
1.3428144157e-02,
2.3987548426e-02,
5.4322946817e-03,
-1.0620441288e-02,
-1.1322367005e-02,
-4.3336283416e-03,
-5.1576280966e-03,
-1.9653920084e-02,
-2.6520585641e-02,
-1.7181921750e-02,
-2.1271402016e-02,
-4.6052429825e-02,
-4.8310801387e-02,
-8.5451826453e-04,
5.6611835957e-02,
5.9175390750e-02,
1.4648884535e-03,
-5.3956724703e-02,
-6.4088873565e-02,
-4.7761466354e-02,
-2.6825770736e-02,
3.3875545487e-03,
2.7680289000e-02,
1.5717033297e-02,
-1.4404736459e-02,
-2.3468734697e-02,
-2.1759698167e-02,
-2.8290659189e-02,
-1.9104586914e-02,
1.1474959552e-02,
2.1851252764e-02,
2.1362956613e-04,
-1.2848292477e-02,
6.4699240029e-03,
3.7141025066e-02,
4.3916136026e-02,
1.5717033297e-02,
-9.5828119665e-03,
1.2329477817e-02,
5.5818352848e-02,
5.9907834977e-02,
2.8321176767e-02,
1.4282662421e-02,
3.4028138965e-02,
5.3071688861e-02,
3.4485917538e-02,
-1.5411847271e-02,
-4.4740136713e-02,
-2.5635547936e-02,
1.9837031141e-03,
5.1881466061e-03,
9.4302194193e-03,
2.7191992849e-02,
2.9084140435e-02,
1.2848292477e-02,
1.1871700175e-02,
3.2746359706e-02,
4.3336283416e-02,
2.4781029671e-02,
1.2817773968e-03,
6.7140720785e-04,
1.6815699637e-02,
3.1769767404e-02,
3.2654806972e-02,
8.7282937020e-03,
-2.4781029671e-02,
-2.8901029378e-02,
3.0518509448e-03,
3.1647693366e-02,
3.3539842814e-02,
2.8260139748e-02,
2.6123844087e-02,
1.2237922288e-02,
-4.5167393982e-03,
4.1199987754e-03,
3.3295694739e-02,
5.3224280477e-02,
5.8442946523e-02,
5.9480573982e-02,
4.3244726956e-02,
4.9745170400e-03,
-1.3245033100e-02,
1.1566515081e-02,
4.2634356767e-02,
4.8982206732e-02,
3.7751395255e-02,
2.9511399567e-02,
3.2746359706e-02,
3.0365917832e-02,
2.1546067670e-02,
3.1037325040e-02,
4.3519396335e-02,
2.7588732541e-02,
-1.2817773968e-03,
-1.6632588580e-02,
-4.8524430022e-03,
3.6164432764e-02,
6.6194646060e-02,
3.8422804326e-02,
-1.9135106355e-02,
-3.0945768580e-02,
1.0223700665e-02,
2.9023103416e-02,
1.0986663401e-03,
-8.0568864942e-03,
2.7954954654e-02,
5.6672871113e-02,
4.2725913227e-02,
1.7151402310e-02,
1.9592883065e-02,
3.1098362058e-02,
1.5869624913e-02,
-1.6449477524e-02,
-4.3153174222e-02,
-3.8911100477e-02,
1.4618366025e-02,
6.5767385066e-02,
6.0121465474e-02,
2.6642659679e-02,
-8.9419232681e-03,
-5.3224280477e-02,
-8.3529159427e-02,
-7.6357312500e-02,
-3.2532732934e-02,
3.0274361372e-02,
7.1962647140e-02,
7.0802941918e-02,
3.9368879050e-02,
-4.0894802660e-03,
-2.7619251981e-02,
-1.0742515326e-02,
1.8860438839e-02,
2.8717918321e-02,
1.4038514346e-02,
-1.2817773968e-02,
-2.9297769070e-02,
-2.9816584662e-02,
-2.9114658013e-02,
-2.2492142394e-02,
3.3875545487e-03,
3.0854213983e-02,
2.8778955340e-02,
-4.8219244927e-03,
-3.6103397608e-02,
-3.4211248159e-02,
-1.3153477572e-02,
-1.1108737439e-02,
-3.6530654877e-02,
-5.6978058070e-02,
-3.2471694052e-02,
3.1220436096e-02,
7.5594350696e-02,
7.2847679257e-02,
4.9928281456e-02,
9.8574785516e-03,
-5.0355542451e-02,
-8.4536269307e-02,
-6.5675832331e-02,
-2.2492142394e-02,
1.5869624913e-02,
3.4241769463e-02,
3.1159399077e-02,
1.8829921260e-02,
-3.8758506998e-03,
-3.3326212317e-02,
-4.1962951422e-02,
-1.8524736166e-02,
2.0569475368e-02,
5.3041171283e-02,
4.9195837229e-02,
-1.2207403779e-03,
-5.2278205752e-02,
-6.2135685235e-02,
-5.5818352848e-02,
-4.7425765544e-02,
-7.1413312107e-03,
4.0467545390e-02,
4.9287393689e-02,
4.5564133674e-02,
4.4129766524e-02,
1.5686513856e-02,
-1.9440291449e-02,
-2.5910215452e-02,
-1.7700735480e-02,
-1.3031403534e-02,
-1.4038514346e-02,
-1.7914365977e-02,
-1.4069032855e-02,
-4.5777764171e-04,
1.1841181666e-02,
1.5655996278e-02,
1.1902218685e-02,
7.8127384186e-03,
1.3794366270e-02,
2.4475844577e-02,
1.0071108118e-02,
-3.1128879637e-02,
-5.4109316319e-02,
-5.1667835563e-02,
-5.3651541471e-02,
-4.6479690820e-02,
-1.3183996081e-02,
2.8687398881e-02,
6.2440872192e-02,
5.9480573982e-02,
1.4007995836e-02,
-1.4099551365e-02,
6.0121463612e-03,
2.9908139259e-02,
1.6968291253e-02,
-2.5605030358e-02,
-6.2807090580e-02,
-7.3213905096e-02,
-6.1159092933e-02,
-3.5187840462e-02,
-9.6133304760e-03,
6.1037018895e-03,
1.5259254724e-02,
1.2573625892e-02,
8.2399975508e-04,
-1.1291848496e-02,
-3.0884731561e-02,
-5.1759392023e-02,
-6.2196724117e-02,
-5.4322946817e-02,
-6.3478499651e-03,
5.6764427572e-02,
7.3763236403e-02,
4.7181617469e-02,
1.2512588874e-02,
-1.3672292233e-02,
-2.5879696012e-02,
-3.9429914206e-02,
-4.6205025166e-02,
-1.9165623933e-02,
1.2634662911e-02,
2.6154363528e-02,
3.9002656937e-02,
2.5818658993e-02,
-3.2563250512e-02,
-7.9531237483e-02,
-7.1504868567e-02,
-3.4333322197e-02,
-2.9297769070e-03,
1.7914365977e-02,
2.9938658699e-02,
3.2959990203e-02,
2.7924437076e-02,
-2.4109622464e-03,
-4.6540725976e-02,
-4.0528580546e-02,
1.3977477327e-02,
4.5381024480e-02,
3.7324137986e-02,
1.0284737684e-02,
-1.8311105669e-02,
-1.7487106845e-02,
5.8290353045e-03,
1.6907254234e-02,
1.7609180883e-02,
1.5350810252e-02,
9.4607379287e-03,
1.6724143177e-02,
4.1322063655e-02,
5.7557910681e-02,
4.3641470373e-02,
7.5075533241e-03,
-2.7924437076e-02,
-4.1840877384e-02,
-1.7822809517e-02,
2.0020142198e-02,
2.1881772205e-02,
6.1037018895e-05,
1.8921475857e-03,
3.1281471252e-02,
6.6713459790e-02,
7.9836420715e-02,
5.9022799134e-02,
3.3600877970e-02,
1.5167699195e-02,
-4.8219244927e-03,
-3.4485915676e-03,
2.3071993142e-02,
3.6896876991e-02,
2.6978362352e-02,
1.1658070609e-02,
-9.2165898532e-03,
-3.4546952695e-02,
-2.6123844087e-02,
2.7344584465e-02,
6.3325904310e-02,
4.5991394669e-02,
7.4770348147e-03,
-2.7588732541e-02,
-4.3031100184e-02,
-3.3692434430e-02,
-2.0508438349e-02,
1.0650959797e-02,
6.8666644394e-02,
9.7903378308e-02,
7.9592272639e-02,
4.9226354808e-02,
1.4923551120e-02,
-2.0630512387e-02,
-4.1810359806e-02,
-3.8819544017e-02,
-7.2328867391e-03,
3.1647693366e-02,
5.4658651352e-02,
6.5126501024e-02,
5.6642353535e-02,
3.6133915186e-02,
3.9002656937e-02,
4.8951689154e-02,
2.3743400350e-02,
-1.1261329986e-02,
-1.8951995298e-02,
-1.6327403486e-02,
-8.0568864942e-03,
3.3143103123e-02,
9.0762048960e-02,
1.1587878317e-01,
9.9948115647e-02,
6.2227241695e-02,
2.1332439035e-02,
-2.1668141708e-03,
-5.6764427572e-03,
4.9134800211e-03,
2.8473770246e-02,
4.1016876698e-02,
3.1037325040e-02,
3.1739249825e-02,
5.5238503963e-02,
7.8066349030e-02,
8.7557606399e-02,
8.0813013017e-02,
6.3844725490e-02,
4.8768579960e-02,
3.0274361372e-02,
3.0213324353e-03,
-2.4018067867e-02,
-4.4618062675e-02,
-4.6754356474e-02,
-1.4709921554e-02,
3.7781916559e-02,
6.9917902350e-02,
7.1901611984e-02,
8.3254493773e-02,
1.1099582165e-01,
1.1008026451e-01,
7.6784573495e-02,
3.5401470959e-02,
-1.7029328272e-02,
-5.0569169223e-02,
-3.3112581819e-02,
-4.7303689644e-03,
1.8463699147e-02,
6.0579240322e-02,
8.6153753102e-02,
6.6682942212e-02,
3.9674062282e-02,
2.8321176767e-02,
3.3265177161e-02,
5.1149021834e-02,
5.6215096265e-02,
3.5737175494e-02,
8.8503677398e-04,
-3.3448286355e-02,
-3.4211248159e-02,
1.3672292233e-02,
6.2166202813e-02,
5.7557910681e-02,
1.4007995836e-02,
-3.6927396432e-03,
3.2410658896e-02,
7.5228124857e-02,
7.4282050133e-02,
4.1138950735e-02,
1.5839107335e-02,
3.8758506998e-03,
-9.1250343248e-03,
-5.0660725683e-03,
1.8951995298e-02,
2.1698661149e-02,
9.6743674949e-03,
1.6174810007e-02,
2.2888882086e-02,
2.8901029378e-02,
4.4526506215e-02,
2.9450362548e-02,
-1.1749626137e-02,
-1.8555253744e-02,
1.3458662666e-02,
4.1596729308e-02,
3.8819544017e-02,
2.6978362352e-02,
4.5258950442e-02,
6.4912870526e-02,
4.5442059636e-02,
1.8738364801e-02,
1.2573625892e-02,
1.9959105179e-02,
3.7079989910e-02,
4.4770654291e-02,
2.9206214473e-02,
1.0101626627e-02,
7.4770348147e-03,
1.3214514591e-02,
2.4109622464e-03,
-1.1505478062e-02,
4.9745170400e-03,
2.8321176767e-02,
3.4852139652e-02,
3.5279396921e-02,
9.8269600421e-03,
-2.8870509937e-02,
-2.5391399860e-02,
2.5330362841e-03,
2.1301919594e-02,
4.3275248259e-02,
5.0508134067e-02,
3.4546952695e-02,
3.3478803933e-02,
3.5767693073e-02,
2.8382213786e-03,
-3.5157322884e-02,
-3.3661916852e-02,
-1.1749626137e-02,
3.9674062282e-04,
1.5625476837e-02,
4.6479690820e-02,
7.5258642435e-02,
7.4770346284e-02,
2.9267251492e-02,
-3.5737175494e-02,
-6.9307535887e-02,
-5.6123539805e-02,
-1.9043549895e-02,
1.0467848741e-02,
1.7395550385e-02,
1.4923551120e-02,
3.9063692093e-03,
-1.4282662421e-02,
-1.4343699440e-03,
3.4577470273e-02,
3.3143103123e-02,
1.5564439818e-03,
-6.6835535690e-03,
1.4252143912e-02,
3.9613027126e-02,
5.3193762898e-02,
4.8677023500e-02,
2.3865474388e-02,
-7.6906643808e-03,
-1.8494216725e-02,
-6.4699240029e-03,
1.3702810742e-02,
3.9368879050e-02,
5.0935391337e-02,
3.0884731561e-02,
4.1199987754e-03,
-2.1973326802e-03,
9.8269600421e-03,
2.3163549602e-02,
3.4485917538e-02,
5.7374797761e-02,
7.3824271560e-02,
5.8168280870e-02,
2.9328288510e-02,
3.1128879637e-03,
-1.0681478307e-02,
8.8808862492e-03,
3.0701620504e-02,
8.9724417776e-03,
-3.7293620408e-02,
-6.4638204873e-02,
-4.3458357453e-02,
1.4893032610e-02,
5.9205908328e-02,
7.9226054251e-02,
9.3264564872e-02,
7.9165011644e-02,
1.7822809517e-02,
-6.0151983052e-02,
-9.8544269800e-02,
-7.3427535594e-02,
-2.0111698657e-02,
2.5940733030e-02,
4.7883540392e-02,
3.2898955047e-02,
1.3153477572e-02,
1.7395550385e-02,
2.1759698167e-02,
2.5147251785e-02,
3.3845026046e-02,
1.6144292429e-02,
-2.3285623640e-02,
-4.2451247573e-02,
-3.1495101750e-02,
-1.3031403534e-02,
-4.7608874738e-03,
8.2705160603e-03,
3.5157322884e-02,
4.6723838896e-02,
4.1566211730e-02,
4.1779838502e-02,
2.8260139748e-02,
-1.5015106648e-02,
-5.8656577021e-02,
-6.7659534514e-02,
-4.1657764465e-02,
-1.1810663156e-02,
1.1261329986e-02,
3.5157322884e-02,
3.3112581819e-02,
-2.1057771519e-03,
-2.3895993829e-02,
-1.3245033100e-02,
1.1993774213e-02,
3.9490953088e-02,
4.9134802073e-02,
2.4048585445e-02,
-2.0386364311e-02,
-4.0253914893e-02,
-1.4374217950e-02,
2.8687398881e-03,
-3.1525619328e-02,
-6.8422496319e-02,
-6.7659534514e-02,
-4.5197911561e-02,
-1.8707847223e-02,
-8.8808862492e-03,
-6.6835535690e-03,
2.4567401037e-02,
5.4078798741e-02,
3.3173620701e-02,
-4.6388134360e-03,
-1.5808587894e-02,
-1.6571551561e-02,
-3.2471694052e-02,
-4.7639392316e-02,
-2.8382213786e-02,
1.6693625599e-02,
4.1718803346e-02,
2.3590808734e-02,
-1.7517624423e-02,
-3.4394361079e-02,
3.9979247376e-03,
6.1952576041e-02,
7.9165011644e-02,
4.8829615116e-02,
1.7395550385e-03,
-3.4058656543e-02,
-4.4038210064e-02,
-3.8911100477e-02,
-1.9684439525e-02,
2.5147251785e-02,
4.9958799034e-02,
1.1993774213e-02,
-3.4852139652e-02,
-3.5950805992e-02,
-8.3010345697e-03,
1.9806513563e-02,
3.4669026732e-02,
3.6713767797e-02,
3.7690360099e-02,
4.1871394962e-02,
5.1271095872e-02,
5.5207982659e-02,
3.4730065614e-02,
5.8900723234e-03,
-3.6622211337e-04,
2.0661031827e-02,
5.4292429239e-02,
6.8697161973e-02,
4.4770654291e-02,
1.1169774458e-02,
-1.5259254724e-04,
1.0681478307e-03,
-8.6367381737e-03,
-2.0172735676e-02,
2.8077028692e-03,
4.5564133674e-02,
3.7903990597e-02,
-1.5350810252e-02,
-2.7527695522e-02,
1.9867550582e-02,
6.1708427966e-02,
5.6917019188e-02,
2.6062807068e-02,
7.4465163052e-03,
3.1739249825e-03,
-5.1881466061e-04,
1.7700735480e-03,
-3.0823694542e-03,
-2.2095400840e-02,
-1.1749626137e-02,
3.1495101750e-02,
5.4445020854e-02,
5.7649463415e-02,
7.0741906762e-02,
6.6286206245e-02,
2.5086214766e-02,
-3.7842951715e-03,
8.3315530792e-03,
2.5299845263e-02,
2.1668141708e-02,
9.2471083626e-03,
1.0650959797e-02,
3.6408580840e-02,
6.1861019582e-02,
6.4210943878e-02,
4.7059543431e-02,
7.7517013997e-03,
-3.4180730581e-02,
-3.8880582899e-02,
-1.6571551561e-02,
2.5635547936e-03,
1.9653920084e-02,
3.4424878657e-02,
3.1769767404e-02,
1.0620441288e-02,
-4.6693319455e-03,
2.9602954164e-03,
1.4007995836e-02,
5.6459242478e-03,
-1.2756736949e-02,
-2.4842066690e-02,
-3.8697469980e-02,
-6.2166202813e-02,
-7.6693013310e-02,
-7.7242344618e-02,
-6.7415386438e-02,
-1.4618366025e-02,
7.4404127896e-02,
1.2067018449e-01,
9.2806786299e-02,
2.6215400547e-02,
-3.9124730974e-02,
-6.1189610511e-02,
-3.6317028105e-02,
-2.3194067180e-03,
2.2309031337e-02,
1.6113772988e-02,
-2.4719992653e-02,
-4.3916136026e-02,
-2.6337474585e-02,
-2.3499252275e-03,
2.9236732051e-02,
4.0589619428e-02,
7.2328867391e-03,
-2.4750512093e-02,
-3.3692434430e-02,
-2.7375103906e-02,
-1.1902218685e-02,
-1.9348734990e-02,
-3.8666952401e-02,
-4.1749320924e-02,
-4.4740136713e-02,
-2.7375103906e-02,
1.5991698951e-02,
3.4943692386e-02,
3.3265177161e-02,
2.1301919594e-02,
-2.2583696991e-02,
-6.5157018602e-02,
-6.8514056504e-02,
-4.8188727349e-02,
-3.3783990890e-02,
-3.5493027419e-02,
-2.4811549112e-02,
1.1383404024e-02,
3.9277322590e-02,
4.0284432471e-02,
1.6785180196e-02,
-2.2186957300e-02,
-5.3315836936e-02,
-7.0345163345e-02,
-7.6265752316e-02,
-6.3386946917e-02,
-3.4760583192e-02,
-1.3733329251e-03,
1.3824884780e-02,
-3.2959990203e-03,
-1.0376293212e-02,
1.3977477327e-02,
1.2512588874e-02,
-2.5605030358e-02,
-4.2512282729e-02,
-3.4302804619e-02,
-3.5309914500e-02,
-4.0620137006e-02,
-2.2736290470e-02,
1.8311105669e-02,
3.6164432764e-02,
9.1860713437e-03,
-2.0447401330e-02,
-4.0406506509e-02,
-6.8788722157e-02,
-8.0355234444e-02,
-5.8351390064e-02,
-2.5025177747e-02,
3.3265175298e-03,
1.3214514591e-02,
-6.3783684745e-03,
-4.4068727642e-02,
-7.4617758393e-02,
-7.0192575455e-02,
-2.3163549602e-02,
2.6276437566e-02,
3.0182806775e-02,
-2.0752586424e-03,
-3.3845026046e-02,
-4.5045319945e-02,
-2.0081179217e-02,
1.7487106845e-02,
1.5442365780e-02,
-1.5228736214e-02,
-2.6306955144e-02,
-4.3946653605e-03,
2.8839992359e-02,
3.4913174808e-02,
7.4770348147e-03,
-3.3600877970e-02,
-8.0446794629e-02,
-9.3813896179e-02,
-4.8310801387e-02,
-1.8005920574e-03,
3.4485915676e-03,
-1.0406811722e-02,
-2.0325327292e-02,
-1.5839107335e-02,
-3.1739249825e-03,
-1.1047700420e-02,
-4.5594654977e-02,
-6.3539534807e-02,
-3.4882657230e-02,
6.0731833801e-03,
2.0538957790e-02,
6.7445905879e-03,
-1.9867550582e-02,
-2.8138065711e-02,
-1.3611255214e-02,
-7.7822199091e-03,
-4.3641468510e-03,
1.0467848741e-02,
1.4740440063e-02,
1.1627552100e-02,
1.1261329986e-02,
-1.1597033590e-03,
-1.2115848251e-02,
-1.1169774458e-02,
-1.3397625647e-02,
4.3336283416e-03,
4.7608874738e-02,
6.9612719119e-02,
6.7140720785e-02,
5.3651541471e-02,
2.2827845067e-02,
-1.2207403779e-03,
-1.9196143374e-02,
-4.8249762505e-02,
-5.5116429925e-02,
-3.4333322197e-02,
-7.6296273619e-04,
5.6306648999e-02,
9.7628712654e-02,
8.7862789631e-02,
5.9724722058e-02,
3.3112581819e-02,
9.9490340799e-03,
-8.8503677398e-03,
-3.6347545683e-02,
-6.4302496612e-02,
-7.6784573495e-02,
-6.5797910094e-02,
-1.8677327782e-02,
3.9124730974e-02,
5.7588428259e-02,
4.2512282729e-02,
3.3051546663e-02,
2.4628438056e-02,
1.5564439818e-03,
-4.0589617565e-03,
2.2125920281e-02,
3.3326212317e-02,
9.8574785516e-03,
-6.3478499651e-03,
1.0040589608e-02,
3.2502211630e-02,
3.4302804619e-02,
2.1057771519e-02,
5.2186651155e-03,
1.7395550385e-03,
2.2675253451e-02,
3.8087099791e-02,
6.8666646257e-03,
-4.8982206732e-02,
-6.6438794136e-02,
-4.3275248259e-02,
-3.5767693073e-02,
-3.7354655564e-02,
-3.9368877187e-03,
3.7446212023e-02,
5.7008575648e-02,
7.3335975409e-02,
8.0141603947e-02,
5.2980132401e-02,
-2.3194067180e-03,
-5.3102206439e-02,
-7.1962647140e-02,
-5.8320872486e-02,
-1.5900144354e-02,
3.4638509154e-02,
4.1566211730e-02,
2.5025177747e-03,
-1.3733329251e-02,
1.9623402506e-02,
4.3214209378e-02,
2.7314066887e-02,
2.2858364508e-02,
3.7537768483e-02,
1.9684439525e-02,
-1.2939848006e-02,
-6.5309610218e-03,
1.4557329006e-02,
-3.8453321904e-03,
-4.8402357846e-02,
-6.5767385066e-02,
-4.1322063655e-02,
8.1484420225e-03,
5.1362652332e-02,
3.9704579860e-02,
-1.4923551120e-02,
-3.7263099104e-02,
-1.7609180883e-02,
-7.2939237580e-03,
-1.2268440798e-02,
-4.8829615116e-03,
1.8433179706e-02,
4.6571247280e-02,
6.9063387811e-02,
7.1443833411e-02,
4.5930355787e-02,
1.8921475857e-03,
-3.3570360392e-02,
-4.3977171183e-02,
-5.9816278517e-02,
-8.8717304170e-02,
-7.4159979820e-02,
-1.4374217950e-02,
2.7314066887e-02,
3.2532732934e-02,
2.5177771226e-02,
2.7253029868e-02,
3.0304880813e-02,
9.4912564382e-03,
-1.1688589118e-02,
-4.9745170400e-03,
4.0894802660e-03,
-4.8219244927e-03,
-2.0508438349e-02,
-3.4577470273e-02,
-4.5838803053e-02,
-3.7781916559e-02,
-4.5472579077e-03,
1.2268440798e-02,
5.8900723234e-03,
1.6083255410e-02,
1.3092440553e-02,
-3.7842951715e-02,
-8.7466046214e-02,
-9.5156714320e-02,
-6.2440872192e-02,
-8.8198492303e-03,
2.9358806089e-02,
4.4648580253e-02,
5.0202947110e-02,
4.4282358140e-02,
3.2868433744e-02,
1.3214514591e-02,
-2.7069918811e-02,
-5.4078798741e-02,
-4.4984284788e-02,
-5.0141911954e-02,
-7.4221014977e-02,
-5.3743094206e-02,
9.1555528343e-05,
3.6805324256e-02,
5.5055391043e-02,
4.7700431198e-02,
2.1454513073e-02,
1.5991698951e-02,
1.5228736214e-02,
-1.7639698461e-02,
-5.3804133087e-02,
-5.5787835270e-02,
-3.7049472332e-02,
-1.8585773185e-02,
-1.9531846046e-03,
9.4607379287e-04,
-1.3824884780e-02,
-2.5421919301e-02,
-3.2441176474e-02,
-3.9216283709e-02,
-3.5706657916e-02,
-3.0884731561e-02,
-2.9633473605e-02,
-2.1546067670e-02,
-1.0925626382e-02,
4.2725913227e-04,
1.1078218929e-02,
6.4088869840e-03,
-5.9205908328e-03,
-6.5614795312e-03,
-9.2471083626e-03,
-2.5513473898e-02,
-3.5889767110e-02,
-4.6601764858e-02,
-6.4027830958e-02,
-4.5350506902e-02,
1.4648884535e-03,
1.8646810204e-02,
1.0132145137e-02,
-1.3122959062e-03,
-7.4465163052e-03,
4.8829615116e-04,
-2.5940733030e-03,
-1.9043549895e-02,
-1.4984588139e-02,
-1.0071108118e-03,
-9.4607379287e-04,
-1.4770958573e-02,
-3.3600877970e-02,
-3.9551988244e-02,
-2.2827845067e-02,
1.0681478307e-02,
2.8321176767e-02,
5.9205908328e-03,
-1.4770958573e-02,
-1.1108737439e-02,
-1.7517624423e-02,
-3.4638509154e-02,
-4.0559098125e-02,
-2.3529771715e-02,
9.0334787965e-03,
9.3691824004e-03,
-2.0142216235e-02,
-1.5106662177e-02,
1.6968291253e-02,
2.8901029378e-02,
2.8412733227e-02,
2.2034363821e-02,
-7.0192571729e-03,
-4.7700431198e-02,
-6.8605609238e-02,
-5.2552875131e-02,
-2.0142216235e-02,
-1.2909329496e-02,
-3.1220436096e-02,
-4.4557023793e-02,
-4.0406506509e-02,
-1.9684439525e-02,
-7.3549607769e-03,
-2.7375103906e-02,
-4.8158209771e-02,
-3.5157322884e-02,
-6.1037018895e-04,
2.3651845753e-02,
2.1698661149e-02,
1.5076143667e-02,
9.9795525894e-03,
-1.0101626627e-02,
-1.4465773478e-02,
8.4841456264e-03,
7.1413312107e-03,
-3.0701620504e-02,
-6.0823388398e-02,
-5.0202947110e-02,
-1.8280588090e-02,
-5.7374797761e-03,
-1.0742515326e-02,
-1.8463699147e-02,
-1.7944883555e-02,
1.3122959062e-02,
4.9928281456e-02,
4.6967986971e-02,
1.7639698461e-02,
8.2399975508e-04,
8.8503677398e-04,
-1.3397625647e-02,
-3.4699544311e-02,
-1.5747550875e-02,
1.1169774458e-02,
-1.5350810252e-02,
-5.4170355201e-02,
-3.3448286355e-02,
3.2471694052e-02,
6.5279088914e-02,
3.3967100084e-02,
-9.3081453815e-03,
-2.4384289980e-02,
-2.1820735186e-02,
-2.4414807558e-02,
-3.9735101163e-02,
-3.7415694445e-02,
4.8829615116e-04,
3.3570360392e-02,
2.7191992849e-02,
-5.1271095872e-03,
-2.8687398881e-02,
-2.4933623150e-02,
-1.0223700665e-02,
2.8382213786e-03,
2.3041475564e-02,
3.8422804326e-02,
2.9389325529e-02,
3.1434064731e-03,
-3.3204138279e-02,
-6.5157018602e-02,
-5.1026947796e-02,
6.8971831352e-03,
6.0121465474e-02,
1.0031434149e-01,
1.3058869541e-01,
1.2564469874e-01,
8.0660417676e-02,
1.4893032610e-02,
-4.4007692486e-02,
-6.7293316126e-02,
-5.7313762605e-02,
-3.6072880030e-02,
-7.2939237580e-03,
2.8656881303e-02,
4.9348428845e-02,
5.4902799428e-02,
7.2420425713e-02,
6.5828427672e-02,
8.1179235131e-03,
-1.5472884290e-02,
3.4058656543e-02,
8.2186348736e-02,
7.3580123484e-02,
1.2665181421e-02,
-4.1261024773e-02,
-3.1830806285e-02,
2.1454513073e-02,
7.9866938293e-02,
1.0409863293e-01,
6.1555832624e-02,
-8.2399975508e-03,
-4.5930355787e-02,
-3.8270212710e-02,
9.1555528343e-05,
4.7822505236e-02,
8.3315528929e-02,
6.6042058170e-02,
3.0823694542e-03,
-1.5961181372e-02,
2.0416883752e-02,
3.6164432764e-02,
2.4811549112e-02,
2.2339548916e-02,
3.1281471252e-02,
3.9979249239e-02,
4.2329173535e-02,
3.6652728915e-02,
1.0162663646e-02,
-2.0294809714e-02,
-1.4648884535e-03,
4.3488875031e-02,
4.7395244241e-02,
3.2227545977e-02,
3.6561176181e-02,
3.6408580840e-02,
2.6001770049e-02,
2.0813623443e-02,
4.9439985305e-03,
-2.5910215452e-02,
-4.0070801973e-02,
-1.2085329741e-02,
3.8727987558e-02,
5.9114351869e-02,
4.0864285082e-02,
2.9297769070e-02,
3.5126805305e-02,
3.3204138279e-02,
1.7242958769e-02,
3.8453321904e-03,
6.5919980407e-03,
1.9531846046e-02,
3.8483839482e-02,
4.5350506902e-02,
1.3183996081e-02,
-1.3855403289e-02,
9.3997009099e-03,
4.1505172849e-02,
5.5909909308e-02,
6.5614797175e-02,
6.8819239736e-02,
5.3193762898e-02,
4.2420728132e-03,
-4.3122652918e-02,
-4.5106358826e-02,
-3.9948727936e-02,
-5.0904873759e-02,
-3.7751395255e-02,
9.3081453815e-03,
5.3895689547e-02,
6.2929168344e-02,
5.8900725096e-02,
6.6133610904e-02,
4.6082951128e-02,
5.4322946817e-03,
-3.8758506998e-03,
1.0681478307e-03,
-3.7232581526e-03,
-3.9979247376e-03,
4.5167393982e-03,
2.0538957790e-02,
3.8117617369e-02,
5.1087986678e-02,
5.6794945151e-02,
4.3305765837e-02,
2.1668141708e-02,
1.2604144402e-02,
4.1810357943e-03,
-3.6927396432e-03,
9.0029602870e-03,
2.3010956123e-02,
5.6764427572e-03,
-2.9114658013e-02,
-4.2573321611e-02,
-1.6266366467e-02,
2.2003846243e-02,
2.5055697188e-02,
1.6479995102e-03,
-5.4933317006e-03,
6.1342203990e-03,
2.9541917145e-02,
5.8687094599e-02,
6.0121465474e-02,
2.7405621484e-02,
1.4343699440e-03,
2.1362956613e-03,
5.0050355494e-03,
-4.7914059833e-03,
-8.6977751926e-03,
-6.8666646257e-03,
-1.9989624619e-02,
-3.8575395942e-02,
-3.9094209671e-02,
-1.4679403044e-02,
1.3092440553e-02,
1.2970366515e-02,
3.9368877187e-03,
1.9867550582e-02,
2.9511399567e-02,
-7.2634052485e-03,
-5.0325021148e-02,
-3.8850061595e-02,
-8.7588122115e-03,
-2.1088290960e-02,
-4.3671987951e-02,
-4.1016876698e-02,
-2.7954954654e-02,
-9.1250343248e-03,
6.4699240029e-03,
1.5106662177e-02,
1.9165623933e-02,
4.2725913227e-03,
-2.5635547936e-03,
1.3336588629e-02,
-4.5167393982e-03,
-5.0294503570e-02,
-5.0355542451e-02,
-6.4394054934e-03,
1.7578661442e-02,
4.2725913227e-03,
-1.2298959307e-02,
-2.3743400350e-02,
-3.1250953674e-02,
-1.3794366270e-02,
-5.7985167950e-04,
-2.5208288804e-02,
-3.6988433450e-02,
-6.8666646257e-03,
1.7548143864e-02,
7.8127384186e-03,
-9.9490340799e-03,
-4.0589617565e-03,
5.3407391533e-03,
-1.9074069336e-02,
-4.7914061695e-02,
-3.8148138672e-02,
-6.8666646257e-03,
2.3377178237e-02,
4.5747246593e-02,
4.2176581919e-02,
1.0773033835e-02,
-3.2105471939e-02,
-6.6377758980e-02,
-7.4190497398e-02,
-7.3274940252e-02,
-6.6713459790e-02,
-2.1301919594e-02,
2.2522659972e-02,
1.4465773478e-02,
3.3875545487e-03,
1.1169774458e-02,
2.7161473408e-03,
-1.7975402996e-02,
-2.5238808244e-02,
1.5564439818e-03,
3.3722952008e-02,
7.0192571729e-03,
-5.0569169223e-02,
-7.0436723530e-02,
-5.5665761232e-02,
-2.0538957790e-02,
2.4628438056e-02,
4.3397322297e-02,
2.6001770049e-02,
-1.5869624913e-03,
-3.1891841441e-02,
-7.5533308089e-02,
-1.0791344941e-01,
-8.1057161093e-02,
-8.2399975508e-03,
3.1098362058e-02,
9.8574785516e-03,
3.0518509448e-04,
2.4140141904e-02,
1.0406811722e-02,
-2.6032289490e-02,
-2.1088290960e-02,
-6.5004425123e-03,
-2.9602954164e-03,
1.3367107138e-02,
2.0233772695e-02,
5.1271095872e-03,
-1.3733329251e-02,
-2.4872586131e-02,
-1.0834070854e-02,
1.7822809517e-02,
3.4638509154e-02,
4.3397322297e-02,
3.1647693366e-02,
-1.6907254234e-02,
-6.0029909015e-02,
-6.0304574668e-02,
-3.4211248159e-02,
1.0071108118e-02,
6.6591389477e-02,
8.7588123977e-02,
5.1545761526e-02,
3.8148136809e-03,
-1.3885921799e-02,
-1.0071108118e-02,
-1.6785180196e-02,
-3.4272287041e-02,
-3.8972135633e-02,
-3.9582505822e-02,
-4.2573321611e-02,
-2.1668141708e-02,
2.0630512387e-02,
4.8615984619e-02,
5.0294503570e-02,
4.6113468707e-02,
5.0660725683e-02,
4.8982206732e-02,
2.6398511603e-02,
-2.8992583975e-03,
-1.7273476347e-02,
-2.1515550092e-02,
-3.4943692386e-02,
-4.7242652625e-02,
-3.6103397608e-02,
-3.6622211337e-04,
4.7578357160e-02,
7.3915831745e-02,
6.8788722157e-02,
7.1047089994e-02,
7.1443833411e-02,
3.6378063262e-02,
-6.5309610218e-03,
-3.7995543331e-02,
-6.2257759273e-02,
-5.5238503963e-02,
-9.5828119665e-03,
4.2725913227e-02,
